0 0.398 0.172 0.015 -0.066
0 0.335 0.310 0.011 0.066
0 0.180 0.434 0.012 0.067
0 0.395 0.442 0.010 0.058
0 0.442 0.444 0.015 0.067
0 0.370 0.563 0.016 -0.056
0 0.421 0.565 0.011 -0.056
0 0.570 0.549 0.016 -0.066
0 0.870 0.545 0.015 -0.061
0 0.268 0.683 0.009 0.064
0 0.520 0.683 0.010 0.069
0 0.578 0.684 0.015 0.069
0 0.634 0.683 0.018 0.069
0 0.684 0.678 0.016 0.054
0 0.738 0.682 0.015 0.059
0 0.795 0.682 0.016 0.063
0 0.896 0.680 0.013 0.061
0 0.381 0.867 0.017 -0.059
0 0.435 0.862 0.017 -0.060
0 0.497 0.858 0.017 -0.068
0 0.560 0.852 0.017 -0.070
0 0.620 0.858 0.016 -0.060
0 0.724 0.874 0.013 -0.070
0 0.676 0.852 0.015 -0.064
0 0.781 0.834 0.016 -0.071
0 0.830 0.863 0.011 -0.064
0 0.867 0.859 0.011 -0.063
0 0.893 0.845 0.009 -0.071
0 0.914 0.809 0.009 -0.060
