0 0.100 0.241 0.016 0.056
0 0.218 0.243 0.014 0.050
0 0.281 0.213 0.014 -0.032
0 0.348 0.255 0.016 -0.054
0 0.385 0.222 0.014 -0.028
0 0.475 0.260 0.016 -0.043
0 0.649 0.277 0.014 -0.048
0 0.679 0.248 0.011 -0.030
0 0.571 0.164 0.014 -0.046
0 0.279 0.138 0.018 -0.048
0 0.575 0.234 0.015 -0.034
0 0.765 0.275 0.014 -0.042
0 0.385 0.456 0.013 -0.043
0 0.617 0.460 0.011 -0.027
0 0.613 0.435 0.010 -0.043
0 0.827 0.510 0.013 -0.038
0 0.499 0.524 0.010 -0.025
0 0.479 0.553 0.013 -0.040
0 0.390 0.518 0.013 -0.036
0 0.151 0.574 0.017 -0.053
0 0.078 0.895 0.016 -0.052
0 0.136 0.855 0.018 -0.043
0 0.238 0.880 0.013 -0.043
0 0.417 0.872 0.013 -0.047
0 0.601 0.897 0.011 -0.053
0 0.700 0.792 0.018 -0.045
0 0.697 0.738 0.013 -0.044
