0 0.101 0.242 0.018 0.055
0 0.130 0.206 0.022 -0.025
0 0.219 0.242 0.027 -0.047
0 0.280 0.212 0.014 -0.034
0 0.349 0.250 0.024 0.055
0 0.384 0.219 0.017 -0.033
0 0.473 0.260 0.019 0.052
0 0.574 0.229 0.016 -0.035
0 0.650 0.273 0.025 0.044
0 0.571 0.166 0.014 -0.051
0 0.678 0.248 0.011 -0.029
0 0.278 0.136 0.014 0.048
0 0.763 0.275 0.016 0.046
0 0.151 0.574 0.013 0.060
0 0.386 0.457 0.015 -0.046
0 0.391 0.519 0.016 -0.033
0 0.481 0.553 0.016 -0.042
0 0.499 0.521 0.012 -0.030
0 0.617 0.457 0.009 -0.039
0 0.613 0.433 0.010 -0.044
0 0.826 0.508 0.010 -0.041
0 0.697 0.739 0.018 -0.052
0 0.701 0.794 0.020 0.059
0 0.602 0.894 0.020 0.056
0 0.416 0.869 0.018 -0.053
0 0.239 0.880 -0.019 0.042
0 0.132 0.851 -0.020 -0.041
0 0.079 0.893 -0.021 0.054
