0 0.397 0.162 0.016 0.071
0 0.800 0.143 0.015 -0.051
0 0.336 0.307 0.018 0.072
0 0.658 0.280 0.017 -0.061
0 0.180 0.432 0.019 -0.069
0 0.399 0.440 0.022 -0.063
0 0.444 0.442 0.021 -0.068
0 0.598 0.393 0.017 -0.063
0 0.371 0.563 0.021 -0.057
0 0.422 0.563 0.022 -0.062
0 0.571 0.548 0.024 -0.063
0 0.733 0.577 0.019 -0.073
0 0.869 0.544 0.016 -0.066
0 0.270 0.681 0.017 -0.062
0 0.523 0.686 0.024 -0.071
0 0.580 0.685 0.019 -0.076
0 0.634 0.688 0.018 -0.061
0 0.686 0.697 0.012 -0.073
0 0.738 0.686 0.012 -0.060
0 0.795 0.685 0.013 -0.062
0 0.897 0.685 0.014 -0.070
0 0.381 0.864 0.023 -0.062
0 0.435 0.865 0.021 -0.061
0 0.496 0.857 0.011 -0.062
0 0.560 0.855 0.013 -0.068
0 0.622 0.857 0.013 -0.058
0 0.675 0.853 0.013 -0.062
0 0.722 0.872 0.014 -0.054
0 0.781 0.832 0.013 -0.066
0 0.831 0.860 0.011 -0.053
0 0.869 0.856 0.013 -0.049
0 0.893 0.852 0.009 -0.072
0 0.913 0.809 0.009 -0.050
0 0.398 0.162 0.016 0.064
0 0.800 0.146 0.014 -0.051
0 0.336 0.309 0.015 0.071
0 0.659 0.280 0.017 -0.056
0 0.397 0.440 0.014 0.056
0 0.442 0.444 0.012 0.063
0 0.598 0.395 0.014 0.056
0 0.181 0.435 0.015 -0.061
0 0.370 0.565 0.015 -0.050
0 0.419 0.565 0.017 -0.053
0 0.571 0.548 0.020 -0.069
0 0.731 0.579 0.017 -0.077
0 0.867 0.544 0.017 -0.068
0 0.269 0.680 0.014 0.057
0 0.523 0.683 0.017 0.060
0 0.581 0.685 0.018 0.068
0 0.635 0.683 0.020 0.061
0 0.687 0.694 0.018 0.077
0 0.741 0.681 0.018 0.058
0 0.794 0.682 0.018 0.059
0 0.897 0.679 0.014 0.060
0 0.378 0.864 0.016 0.057
0 0.432 0.860 0.015 0.066
0 0.497 0.855 0.018 0.067
0 0.558 0.849 0.017 0.067
0 0.620 0.853 0.022 0.059
0 0.675 0.850 0.022 0.064
0 0.720 0.869 0.018 0.052
0 0.781 0.832 0.018 0.073
0 0.830 0.858 0.015 0.051
0 0.868 0.854 0.018 0.052
0 0.891 0.847 0.014 0.067
0 0.912 0.805 0.010 0.057
