['x', 'y', 'a', 'b']
[312, 234, 417, 417]
[364, 233, 469, 417]
[416, 233, 521, 417]
[468, 235, 573, 416]
[520, 235, 625, 415]
[572, 234, 677, 415]
[624, 233, 729, 416]
[676, 233, 781, 416]
[728, 234, 833, 416]
[780, 234, 885, 417]
[832, 234, 937, 417]
[884, 234, 989, 418]
[936, 234, 1041, 418]
[988, 234, 1093, 416]
[1040, 234, 1145, 418]
[1092, 233, 1197, 418]
[1144, 233, 1249, 416]
[1196, 233, 1301, 417]
[1248, 233, 1353, 417]
[1300, 235, 1405, 416]
[1352, 233, 1457, 416]
[1404, 233, 1509, 416]
[1456, 235, 1561, 417]
[1508, 235, 1613, 417]
[1560, 235, 1665, 416]
[1612, 234, 1717, 416]
[1664, 234, 1769, 416]
[1716, 234, 1821, 416]
[1768, 232, 1873, 416]
[1820, 232, 1925, 416]
[1872, 233, 1977, 416]
[1924, 233, 2029, 415]
[1976, 233, 2081, 416]
[2028, 233, 2133, 416]
[2080, 234, 2185, 417]
[2132, 234, 2237, 417]
[2184, 234, 2289, 416]
[2236, 234, 2341, 416]
[2288, 234, 2393, 415]
[2340, 234, 2445, 415]
[2392, 233, 2497, 417]
[2444, 233, 2549, 417]
[2496, 233, 2601, 416]
[2548, 233, 2653, 416]
[2600, 234, 2705, 416]
[2652, 234, 2757, 416]
[2704, 236, 2809, 416]
[2756, 233, 2861, 416]
[2808, 233, 2913, 416]
[2860, 234, 2965, 416]
[2912, 234, 3017, 416]
[2964, 234, 3069, 416]
[3016, 234, 3121, 416]
[3068, 234, 3173, 415]
[3120, 234, 3225, 415]
[3172, 234, 3277, 416]
[3224, 232, 3329, 417]
[3276, 232, 3381, 417]
[3328, 233, 3433, 417]
[3380, 234, 3485, 417]
[3432, 234, 3537, 417]
[312, 468, 417, 653]
[364, 468, 469, 653]
[416, 468, 521, 652]
[468, 468, 573, 652]
[520, 469, 625, 652]
[572, 467, 677, 652]
[624, 467, 729, 650]
[676, 466, 781, 652]
[728, 466, 833, 652]
[780, 468, 885, 652]
[832, 468, 937, 652]
[884, 468, 989, 651]
[936, 469, 1041, 651]
[988, 468, 1093, 651]
[1040, 468, 1145, 651]
[1092, 468, 1197, 651]
[1144, 468, 1249, 651]
[1196, 468, 1301, 650]
[1248, 468, 1353, 652]
[1300, 468, 1405, 652]
[1352, 466, 1457, 652]
[1404, 466, 1509, 653]
[1456, 468, 1561, 653]
[1508, 468, 1613, 652]
[1560, 468, 1665, 652]
[1612, 469, 1717, 652]
[1664, 467, 1769, 651]
[1716, 467, 1821, 651]
[1768, 467, 1873, 653]
[1820, 467, 1925, 653]
[1872, 467, 1977, 651]
[1924, 468, 2029, 651]
[1976, 467, 2081, 650]
[2028, 467, 2133, 650]
[2080, 468, 2185, 650]
[2132, 468, 2237, 650]
[2184, 468, 2289, 651]
[2236, 468, 2341, 651]
[2288, 468, 2393, 651]
[2340, 468, 2445, 650]
[2392, 468, 2497, 649]
[2444, 466, 2549, 650]
[2496, 465, 2601, 650]
[2548, 465, 2653, 650]
[2600, 469, 2705, 650]
[2652, 469, 2757, 650]
[2704, 469, 2809, 650]
[2756, 468, 2861, 651]
[2808, 467, 2913, 651]
[2860, 466, 2965, 651]
[2912, 466, 3017, 650]
[2964, 468, 3069, 651]
[3016, 467, 3121, 651]
[3068, 467, 3173, 652]
[3120, 467, 3225, 652]
[3172, 467, 3277, 652]
[3224, 467, 3329, 651]
[3276, 468, 3381, 650]
[3328, 469, 3433, 651]
[3380, 470, 3485, 651]
[3432, 470, 3537, 651]
[312, 705, 417, 890]
[364, 704, 469, 890]
[416, 704, 521, 889]
[468, 704, 573, 889]
[520, 704, 625, 889]
[572, 704, 677, 889]
[624, 704, 729, 887]
[676, 703, 781, 886]
[728, 703, 833, 888]
[780, 703, 885, 888]
[832, 703, 937, 887]
[884, 702, 989, 887]
[936, 702, 1041, 887]
[988, 703, 1093, 884]
[1040, 704, 1145, 888]
[1092, 704, 1197, 888]
[1144, 704, 1249, 888]
[1196, 704, 1301, 889]
[1248, 704, 1353, 889]
[1300, 704, 1405, 888]
[1352, 704, 1457, 889]
[1404, 704, 1509, 889]
[1456, 703, 1561, 889]
[1508, 703, 1613, 889]
[1560, 704, 1665, 888]
[1612, 703, 1717, 888]
[1664, 703, 1769, 889]
[1716, 702, 1821, 889]
[1768, 702, 1873, 887]
[1820, 703, 1925, 887]
[1872, 703, 1977, 888]
[1924, 701, 2029, 889]
[1976, 701, 2081, 889]
[2028, 703, 2133, 888]
[2080, 703, 2185, 888]
[2132, 702, 2237, 888]
[2184, 702, 2289, 888]
[2236, 703, 2341, 888]
[2288, 703, 2393, 888]
[2340, 702, 2445, 889]
[2392, 702, 2497, 889]
[2444, 702, 2549, 889]
[2496, 702, 2601, 889]
[2548, 702, 2653, 889]
[2600, 704, 2705, 888]
[2652, 702, 2757, 889]
[2704, 701, 2809, 889]
[2756, 701, 2861, 889]
[2808, 702, 2913, 889]
[2860, 702, 2965, 889]
[2912, 703, 3017, 889]
[2964, 703, 3069, 889]
[3016, 703, 3121, 889]
[3068, 703, 3173, 890]
[3120, 703, 3225, 890]
[3172, 702, 3277, 889]
[3224, 702, 3329, 888]
[3276, 703, 3381, 888]
[3328, 703, 3433, 887]
[3380, 703, 3485, 886]
[3432, 703, 3537, 886]
[312, 939, 417, 1120]
[364, 939, 469, 1121]
[416, 939, 521, 1121]
[468, 938, 573, 1122]
[520, 938, 625, 1122]
[572, 939, 677, 1122]
[624, 938, 729, 1122]
[676, 938, 781, 1123]
[728, 937, 833, 1123]
[780, 937, 885, 1120]
[832, 938, 937, 1122]
[884, 939, 989, 1122]
[936, 937, 1041, 1122]
[988, 936, 1093, 1121]
[1040, 936, 1145, 1122]
[1092, 938, 1197, 1122]
[1144, 939, 1249, 1121]
[1196, 938, 1301, 1122]
[1248, 938, 1353, 1122]
[1300, 938, 1405, 1122]
[1352, 939, 1457, 1122]
[1404, 938, 1509, 1121]
[1456, 938, 1561, 1120]
[1508, 938, 1613, 1120]
[1560, 939, 1665, 1122]
[1612, 938, 1717, 1122]
[1664, 938, 1769, 1121]
[1716, 938, 1821, 1121]
[1768, 939, 1873, 1121]
[1820, 940, 1925, 1121]
[1872, 939, 1977, 1121]
[1924, 939, 2029, 1121]
[1976, 940, 2081, 1121]
[2028, 937, 2133, 1121]
[2080, 937, 2185, 1122]
[2132, 937, 2237, 1122]
[2184, 937, 2289, 1120]
[2236, 939, 2341, 1120]
[2288, 939, 2393, 1121]
[2340, 939, 2445, 1121]
[2392, 939, 2497, 1121]
[2444, 939, 2549, 1122]
[2496, 939, 2601, 1122]
[2548, 939, 2653, 1121]
[2600, 939, 2705, 1122]
[2652, 939, 2757, 1122]
[2704, 939, 2809, 1121]
[2756, 939, 2861, 1121]
[2808, 939, 2913, 1121]
[2860, 939, 2965, 1123]
[2912, 940, 3017, 1123]
[2964, 937, 3069, 1122]
[3016, 937, 3121, 1120]
[3068, 939, 3173, 1122]
[3120, 938, 3225, 1122]
[3172, 938, 3277, 1123]
[3224, 938, 3329, 1123]
[3276, 940, 3381, 1121]
[3328, 939, 3433, 1123]
[3380, 939, 3485, 1123]
[3432, 940, 3537, 1122]
[312, 1172, 417, 1357]
[364, 1172, 469, 1357]
[416, 1172, 521, 1357]
[468, 1174, 573, 1355]
[520, 1172, 625, 1355]
[572, 1172, 677, 1355]
[624, 1172, 729, 1355]
[676, 1173, 781, 1355]
[728, 1173, 833, 1355]
[780, 1171, 885, 1355]
[832, 1171, 937, 1357]
[884, 1173, 989, 1357]
[936, 1174, 1041, 1357]
[988, 1173, 1093, 1357]
[1040, 1172, 1145, 1357]
[1092, 1172, 1197, 1357]
[1144, 1172, 1249, 1357]
[1196, 1172, 1301, 1358]
[1248, 1172, 1353, 1358]
[1300, 1173, 1405, 1356]
[1352, 1173, 1457, 1355]
[1404, 1173, 1509, 1355]
[1456, 1173, 1561, 1355]
[1508, 1173, 1613, 1355]
[1560, 1172, 1665, 1356]
[1612, 1172, 1717, 1356]
[1664, 1172, 1769, 1357]
[1716, 1172, 1821, 1357]
[1768, 1172, 1873, 1355]
[1820, 1172, 1925, 1355]
[1872, 1172, 1977, 1358]
[1924, 1173, 2029, 1359]
[1976, 1173, 2081, 1359]
[2028, 1172, 2133, 1356]
[2080, 1172, 2185, 1356]
[2132, 1173, 2237, 1356]
[2184, 1172, 2289, 1356]
[2236, 1172, 2341, 1356]
[2288, 1173, 2393, 1357]
[2340, 1172, 2445, 1357]
[2392, 1172, 2497, 1356]
[2444, 1172, 2549, 1357]
[2496, 1172, 2601, 1357]
[2548, 1173, 2653, 1357]
[2600, 1173, 2705, 1357]
[2652, 1172, 2757, 1356]
[2704, 1172, 2809, 1357]
[2756, 1172, 2861, 1357]
[2808, 1172, 2913, 1356]
[2860, 1173, 2965, 1356]
[2912, 1173, 3017, 1357]
[2964, 1172, 3069, 1357]
[3016, 1172, 3121, 1357]
[3068, 1172, 3173, 1357]
[3120, 1171, 3225, 1358]
[3172, 1171, 3277, 1358]
[3224, 1172, 3329, 1356]
[3276, 1172, 3381, 1356]
[3328, 1172, 3433, 1356]
[3380, 1172, 3485, 1356]
[3432, 1172, 3537, 1354]
[312, 1406, 417, 1589]
[364, 1406, 469, 1589]
[416, 1408, 521, 1588]
[468, 1408, 573, 1591]
[520, 1408, 625, 1591]
[572, 1408, 677, 1592]
[624, 1405, 729, 1592]
[676, 1405, 781, 1591]
[728, 1408, 833, 1589]
[780, 1409, 885, 1590]
[832, 1406, 937, 1590]
[884, 1406, 989, 1590]
[936, 1406, 1041, 1591]
[988, 1406, 1093, 1591]
[1040, 1406, 1145, 1591]
[1092, 1407, 1197, 1590]
[1144, 1407, 1249, 1590]
[1196, 1407, 1301, 1590]
[1248, 1407, 1353, 1590]
[1300, 1405, 1405, 1592]
[1352, 1405, 1457, 1592]
[1404, 1406, 1509, 1591]
[1456, 1407, 1561, 1591]
[1508, 1406, 1613, 1590]
[1560, 1406, 1665, 1591]
[1612, 1407, 1717, 1591]
[1664, 1406, 1769, 1591]
[1716, 1406, 1821, 1592]
[1768, 1408, 1873, 1592]
[1820, 1407, 1925, 1591]
[1872, 1407, 1977, 1590]
[1924, 1407, 2029, 1591]
[1976, 1408, 2081, 1591]
[2028, 1408, 2133, 1591]
[2080, 1407, 2185, 1591]
[2132, 1407, 2237, 1591]
[2184, 1409, 2289, 1590]
[2236, 1408, 2341, 1591]
[2288, 1408, 2393, 1591]
[2340, 1406, 2445, 1591]
[2392, 1406, 2497, 1591]
[2444, 1408, 2549, 1592]
[2496, 1408, 2601, 1592]
[2548, 1408, 2653, 1591]
[2600, 1408, 2705, 1591]
[2652, 1408, 2757, 1591]
[2704, 1408, 2809, 1591]
[2756, 1407, 2861, 1590]
[2808, 1406, 2913, 1589]
[2860, 1406, 2965, 1589]
[2912, 1407, 3017, 1590]
[2964, 1408, 3069, 1590]
[3016, 1408, 3121, 1591]
[3068, 1407, 3173, 1592]
[3120, 1407, 3225, 1592]
[3172, 1407, 3277, 1590]
[3224, 1405, 3329, 1589]
[3276, 1405, 3381, 1589]
[3328, 1405, 3433, 1591]
[3380, 1407, 3485, 1591]
[3432, 1409, 3537, 1591]