['x', 'y', 'a', 'b']
[339, 225, 494, 403]
[416, 225, 571, 403]
[493, 227, 648, 403]
[570, 227, 725, 403]
[647, 227, 802, 403]
[724, 227, 879, 403]
[801, 227, 956, 403]
[878, 222, 1033, 403]
[955, 222, 1110, 403]
[1032, 222, 1187, 398]
[1109, 222, 1264, 398]
[1186, 223, 1341, 401]
[1263, 223, 1418, 404]
[1340, 225, 1495, 404]
[1417, 225, 1572, 404]
[1494, 224, 1649, 401]
[1571, 224, 1726, 400]
[1648, 222, 1803, 400]
[1725, 222, 1880, 400]
[1802, 222, 1957, 400]
[1879, 222, 2034, 401]
[1956, 224, 2111, 401]
[2033, 225, 2188, 401]
[2110, 225, 2265, 401]
[2187, 224, 2342, 401]
[2264, 224, 2419, 401]
[2341, 224, 2496, 399]
[2418, 224, 2573, 399]
[2495, 224, 2650, 399]
[2572, 224, 2727, 400]
[2649, 224, 2804, 400]
[2726, 224, 2881, 400]
[2803, 224, 2958, 401]
[2880, 224, 3035, 401]
[2957, 225, 3112, 401]
[3034, 225, 3189, 401]
[3111, 225, 3266, 401]
[3188, 225, 3343, 401]
[3265, 226, 3420, 401]
[3342, 226, 3497, 402]
[339, 460, 494, 639]
[416, 460, 571, 639]
[493, 456, 648, 637]
[570, 456, 725, 637]
[647, 458, 802, 637]
[724, 458, 879, 637]
[801, 458, 956, 636]
[878, 458, 1033, 637]
[955, 458, 1110, 638]
[1032, 459, 1187, 638]
[1109, 459, 1264, 638]
[1186, 459, 1341, 637]
[1263, 460, 1418, 637]
[1340, 459, 1495, 637]
[1417, 459, 1572, 637]
[1494, 459, 1649, 637]
[1571, 459, 1726, 637]
[1648, 459, 1803, 636]
[1725, 459, 1880, 636]
[1802, 459, 1957, 636]
[1879, 459, 2034, 636]
[1956, 456, 2111, 636]
[2033, 456, 2188, 636]
[2110, 456, 2265, 633]
[2187, 456, 2342, 638]
[2264, 457, 2419, 638]
[2341, 460, 2496, 637]
[2418, 460, 2573, 637]
[2495, 460, 2650, 637]
[2572, 460, 2727, 637]
[2649, 460, 2804, 637]
[2726, 460, 2881, 637]
[2803, 459, 2958, 637]
[2880, 459, 3035, 637]
[2957, 459, 3112, 637]
[3034, 459, 3189, 637]
[3111, 459, 3266, 637]
[3188, 459, 3343, 636]
[3265, 459, 3420, 637]
[3342, 459, 3497, 637]
[339, 695, 494, 873]
[416, 695, 571, 873]
[493, 695, 648, 874]
[570, 696, 725, 874]
[647, 695, 802, 874]
[724, 695, 879, 874]
[801, 695, 956, 873]
[878, 694, 1033, 873]
[955, 694, 1110, 875]
[1032, 694, 1187, 875]
[1109, 695, 1264, 873]
[1186, 694, 1341, 873]
[1263, 694, 1418, 873]
[1340, 694, 1495, 873]
[1417, 694, 1572, 873]
[1494, 694, 1649, 873]
[1571, 694, 1726, 873]
[1648, 694, 1803, 873]
[1725, 694, 1880, 873]
[1802, 694, 1957, 872]
[1879, 694, 2034, 873]
[1956, 695, 2111, 873]
[2033, 695, 2188, 873]
[2110, 695, 2265, 873]
[2187, 695, 2342, 874]
[2264, 695, 2419, 874]
[2341, 695, 2496, 873]
[2418, 696, 2573, 873]
[2495, 696, 2650, 873]
[2572, 696, 2727, 874]
[2649, 696, 2804, 874]
[2726, 696, 2881, 874]
[2803, 695, 2958, 874]
[2880, 695, 3035, 874]
[2957, 695, 3112, 873]
[3034, 695, 3189, 873]
[3111, 695, 3266, 873]
[3188, 695, 3343, 872]
[3265, 695, 3420, 873]
[3342, 695, 3497, 873]
[339, 931, 494, 1108]
[416, 932, 571, 1108]
[493, 930, 648, 1108]
[570, 929, 725, 1108]
[647, 929, 802, 1106]
[724, 929, 879, 1106]
[801, 929, 956, 1107]
[878, 930, 1033, 1107]
[955, 930, 1110, 1107]
[1032, 930, 1187, 1107]
[1109, 931, 1264, 1107]
[1186, 931, 1341, 1109]
[1263, 931, 1418, 1109]
[1340, 931, 1495, 1109]
[1417, 931, 1572, 1107]
[1494, 931, 1649, 1107]
[1571, 929, 1726, 1107]
[1648, 929, 1803, 1107]
[1725, 929, 1880, 1108]
[1802, 931, 1957, 1108]
[1879, 931, 2034, 1107]
[1956, 930, 2111, 1107]
[2033, 930, 2188, 1106]
[2110, 930, 2265, 1106]
[2187, 930, 2342, 1109]
[2264, 930, 2419, 1109]
[2341, 933, 2496, 1108]
[2418, 933, 2573, 1108]
[2495, 933, 2650, 1109]
[2572, 933, 2727, 1109]
[2649, 933, 2804, 1109]
[2726, 933, 2881, 1109]
[2803, 931, 2958, 1109]
[2880, 931, 3035, 1109]
[2957, 931, 3112, 1107]
[3034, 931, 3189, 1107]
[3111, 931, 3266, 1107]
[3188, 931, 3343, 1107]
[3265, 931, 3420, 1107]
[3342, 931, 3497, 1107]
[339, 1165, 494, 1341]
[416, 1164, 571, 1342]
[493, 1163, 648, 1342]
[570, 1163, 725, 1341]
[647, 1163, 802, 1342]
[724, 1164, 879, 1342]
[801, 1165, 956, 1341]
[878, 1165, 1033, 1341]
[955, 1164, 1110, 1341]
[1032, 1164, 1187, 1341]
[1109, 1164, 1264, 1341]
[1186, 1164, 1341, 1343]
[1263, 1164, 1418, 1343]
[1340, 1166, 1495, 1343]
[1417, 1163, 1572, 1343]
[1494, 1163, 1649, 1342]
[1571, 1163, 1726, 1340]
[1648, 1164, 1803, 1340]
[1725, 1164, 1880, 1344]
[1802, 1164, 1957, 1344]
[1879, 1164, 2034, 1344]
[1956, 1164, 2111, 1344]
[2033, 1164, 2188, 1344]
[2110, 1164, 2265, 1344]
[2187, 1164, 2342, 1344]
[2264, 1164, 2419, 1344]
[2341, 1166, 2496, 1343]
[2418, 1166, 2573, 1343]
[2495, 1167, 2650, 1343]
[2572, 1167, 2727, 1343]
[2649, 1167, 2804, 1343]
[2726, 1167, 2881, 1343]
[2803, 1165, 2958, 1343]
[2880, 1165, 3035, 1343]
[2957, 1165, 3112, 1342]
[3034, 1164, 3189, 1342]
[3111, 1164, 3266, 1342]
[3188, 1164, 3343, 1341]
[3265, 1165, 3420, 1341]
[3342, 1165, 3497, 1342]
[339, 1399, 494, 1576]
[416, 1399, 571, 1577]
[493, 1399, 648, 1577]
[570, 1399, 725, 1577]
[647, 1399, 802, 1577]
[724, 1399, 879, 1576]
[801, 1399, 956, 1576]
[878, 1398, 1033, 1576]
[955, 1398, 1110, 1576]
[1032, 1398, 1187, 1577]
[1109, 1398, 1264, 1577]
[1186, 1398, 1341, 1577]
[1263, 1398, 1418, 1576]
[1340, 1398, 1495, 1576]
[1417, 1398, 1572, 1576]
[1494, 1398, 1649, 1576]
[1571, 1398, 1726, 1575]
[1648, 1398, 1803, 1578]
[1725, 1399, 1880, 1578]
[1802, 1401, 1957, 1578]
[1879, 1402, 2034, 1578]
[1956, 1402, 2111, 1578]
[2033, 1397, 2188, 1578]
[2110, 1397, 2265, 1578]
[2187, 1397, 2342, 1575]
[2264, 1397, 2419, 1575]
[2341, 1398, 2496, 1575]
[2418, 1398, 2573, 1575]
[2495, 1398, 2650, 1575]
[2572, 1398, 2727, 1575]
[2649, 1399, 2804, 1575]
[2726, 1399, 2881, 1575]
[2803, 1399, 2958, 1576]
[2880, 1399, 3035, 1576]
[2957, 1400, 3112, 1576]
[3034, 1399, 3189, 1576]
[3111, 1399, 3266, 1576]
[3188, 1399, 3343, 1576]
[3265, 1399, 3420, 1576]
[3342, 1399, 3497, 1576]
[339, 1632, 494, 1812]
[416, 1632, 571, 1812]
[493, 1633, 648, 1810]
[570, 1633, 725, 1810]
[647, 1633, 802, 1811]
[724, 1633, 879, 1811]
[801, 1634, 956, 1812]
[878, 1633, 1033, 1812]
[955, 1633, 1110, 1812]
[1032, 1633, 1187, 1810]
[1109, 1634, 1264, 1813]
[1186, 1634, 1341, 1813]
[1263, 1637, 1418, 1813]
[1340, 1634, 1495, 1813]
[1417, 1634, 1572, 1813]
[1494, 1634, 1649, 1813]
[1571, 1637, 1726, 1813]
[1648, 1637, 1803, 1813]
[1725, 1636, 1880, 1813]
[1802, 1636, 1957, 1813]
[1879, 1636, 2034, 1814]
[1956, 1636, 2111, 1814]
[2033, 1633, 2188, 1814]
[2110, 1633, 2265, 1813]
[2187, 1633, 2342, 1811]
[2264, 1634, 2419, 1811]
[2341, 1634, 2496, 1810]
[2418, 1634, 2573, 1810]
[2495, 1634, 2650, 1810]
[2572, 1634, 2727, 1810]
[2649, 1634, 2804, 1810]
[2726, 1634, 2881, 1810]
[2803, 1634, 2958, 1810]
[2880, 1634, 3035, 1810]
[2957, 1634, 3112, 1811]
[3034, 1634, 3189, 1811]
[3111, 1634, 3266, 1811]
[3188, 1634, 3343, 1810]
[3265, 1634, 3420, 1810]
[3342, 1634, 3497, 1810]