0 0.266 0.908 0.028 0.077
0 0.240 0.888 0.020 0.061
0 0.225 0.895 0.015 0.062
0 0.209 0.893 0.016 0.089
0 0.201 0.912 0.020 0.104
0 0.185 0.917 0.027 0.077
0 0.193 0.645 0.020 0.112
0 0.206 0.650 0.017 0.086
0 0.219 0.639 0.016 0.086
0 0.240 0.651 0.010 0.056
0 0.258 0.657 0.021 0.098
0 0.325 0.672 0.018 -0.043
0 0.325 0.616 0.020 -0.061
0 0.341 0.620 0.013 -0.057
0 0.358 0.606 0.010 0.055
0 0.377 0.608 0.020 0.072
0 0.411 0.611 0.020 0.069
0 0.425 0.591 0.017 0.065
0 0.436 0.588 0.013 0.060
0 0.447 0.587 0.013 0.047
0 0.460 0.581 0.013 0.063
0 0.502 0.634 0.018 0.116
0 0.522 0.586 0.021 0.057
0 0.541 0.584 0.019 0.057
0 0.556 0.588 0.011 0.066
0 0.575 0.582 0.025 0.066
0 0.599 0.583 0.022 0.060
0 0.619 0.593 0.021 0.050
0 0.637 0.598 0.016 0.060
0 0.650 0.610 0.012 0.071
0 0.663 0.617 0.015 0.081
0 0.683 0.623 0.014 0.071
0 0.703 0.684 0.011 0.061
0 0.708 0.675 0.016 0.070
0 0.720 0.675 0.013 0.067
0 0.740 0.682 0.022 0.057
0 0.735 0.620 0.013 0.068
0 0.748 0.614 0.014 0.069
0 0.760 0.602 0.013 0.064
0 0.770 0.596 0.017 0.078
0 0.782 0.636 0.017 0.095
0 0.791 0.633 0.017 0.076
0 0.806 0.627 0.014 0.086
0 0.820 0.633 0.013 0.079
0 0.281 0.663 0.024 0.076
0 0.383 0.661 0.017 0.041
0 0.579 0.623 0.020 0.043
0 0.539 0.436 0.018 -0.038
0 0.539 0.405 0.021 -0.053
0 0.538 0.367 0.020 -0.040
0 0.536 0.334 0.017 -0.037
0 0.515 0.363 0.016 -0.075
0 0.503 0.358 0.013 -0.062
0 0.487 0.354 0.026 -0.059
0 0.432 0.411 0.024 -0.071
0 0.488 0.422 0.016 -0.040
0 0.487 0.399 0.017 -0.040
0 0.411 0.365 0.017 -0.057
0 0.396 0.367 0.012 -0.079
0 0.380 0.361 0.017 -0.063
0 0.367 0.365 0.013 -0.058
0 0.354 0.383 0.017 -0.075
0 0.611 0.410 0.022 -0.052
0 0.613 0.370 0.022 -0.041
0 0.612 0.333 0.023 -0.041
0 0.583 0.337 0.013 -0.057
0 0.572 0.332 0.007 -0.043
0 0.634 0.346 0.017 -0.069
0 0.647 0.343 0.014 -0.060
0 0.659 0.351 0.021 -0.074
0 0.686 0.363 0.018 -0.067
0 0.703 0.359 0.020 -0.071
0 0.687 0.426 0.021 -0.060
0 0.721 0.350 0.016 -0.065
0 0.732 0.343 0.012 -0.059
0 0.742 0.335 0.014 -0.057
0 0.757 0.326 0.017 -0.065
0 0.779 0.396 0.011 -0.077
0 0.789 0.380 0.010 -0.084
0 0.798 0.371 0.007 -0.077
0 0.808 0.364 0.013 -0.063
0 0.820 0.380 0.014 -0.080
0 0.830 0.379 0.010 -0.065
0 0.839 0.380 0.013 -0.057
0 0.849 0.401 0.009 -0.075
0 0.856 0.401 0.006 -0.059
0 0.865 0.390 0.011 -0.084
0 0.874 0.392 0.013 -0.065
0 0.188 0.387 0.013 -0.079
0 0.203 0.377 0.019 -0.096
0 0.218 0.365 0.013 -0.081
0 0.232 0.365 0.016 -0.069
0 0.249 0.365 0.013 -0.103
0 0.257 0.370 0.014 0.093
0 0.267 0.380 0.006 0.073
0 0.277 0.383 0.013 0.066
0 0.291 0.393 0.014 0.078
0 0.303 0.387 0.014 0.084
0 0.311 0.389 0.011 0.072
0 0.323 0.396 0.012 0.047
0 0.206 0.151 0.017 -0.048
0 0.203 0.121 0.017 -0.046
0 0.204 0.081 0.017 -0.050
0 0.227 0.067 0.017 0.063
0 0.262 0.071 0.016 0.052
0 0.287 0.090 0.012 0.062
0 0.296 0.077 0.011 0.051
0 0.306 0.072 0.011 0.055
0 0.316 0.070 0.013 0.052
0 0.334 0.082 0.013 -0.036
0 0.338 0.119 0.020 -0.042
0 0.338 0.155 0.015 -0.030
0 0.363 0.093 0.014 -0.056
0 0.375 0.087 0.014 0.060
0 0.405 0.067 0.021 0.072
0 0.433 0.085 0.011 0.081
0 0.453 0.097 0.022 -0.057
0 0.469 0.102 0.011 0.081
0 0.476 0.112 0.007 0.053
0 0.486 0.117 0.012 0.066
0 0.502 0.104 0.018 0.081
0 0.514 0.094 0.015 0.074
0 0.546 0.081 0.013 -0.073
0 0.557 0.068 0.013 0.055
0 0.570 0.068 0.011 0.057
0 0.583 0.077 0.014 0.080
0 0.602 0.097 0.011 -0.045
0 0.604 0.137 0.013 -0.033
0 0.606 0.160 0.014 -0.042
0 0.627 0.098 0.013 -0.050
0 0.644 0.102 0.019 0.079
0 0.672 0.120 0.018 0.095
0 0.685 0.126 0.012 0.085
0 0.694 0.132 0.011 0.067
0 0.703 0.136 0.010 0.055
0 0.722 0.121 0.010 -0.047
0 0.736 0.131 0.018 0.071
0 0.751 0.145 0.012 0.047
0 0.760 0.131 0.011 0.051
0 0.772 0.123 0.014 0.070
0 0.780 0.116 0.013 0.071
0 0.798 0.119 0.016 0.095
0 0.807 0.134 0.008 0.070
0 0.816 0.139 0.010 0.056
0 0.824 0.145 0.010 0.052
0 0.840 0.124 0.010 -0.054
0 0.849 0.131 0.010 0.074
0 0.857 0.136 0.005 -0.061
0 0.863 0.157 0.009 0.066
0 0.870 0.157 0.007 0.045
0 0.874 0.147 0.006 0.045
0 0.880 0.142 0.006 0.044
