0 0.177 0.172 0.021 0.065
0 0.197 0.155 0.018 0.075
0 0.211 0.141 0.012 0.072
0 0.266 0.143 0.020 0.077
0 0.287 0.144 0.021 0.080
1 0.296 0.101 0.000 0.000
0 0.306 0.142 -0.017 -0.072
0 0.327 0.133 0.025 0.072
0 0.345 0.134 0.016 0.083
0 0.553 0.162 0.021 0.060
0 0.582 0.142 0.015 0.097
0 0.596 0.153 0.013 0.055
0 0.635 0.145 0.016 0.082
0 0.653 0.155 0.019 0.064
0 0.673 0.163 0.022 0.064
0 0.703 0.173 0.017 0.066
0 0.764 0.161 0.022 0.076
0 0.788 0.141 0.016 0.081
0 0.801 0.159 0.013 0.064
0 0.819 0.162 0.025 0.070
0 0.838 0.167 0.015 0.083
0 0.848 0.171 0.011 0.079
0 0.860 0.174 0.016 0.060
0 0.177 0.300 0.016 0.058
0 0.198 0.276 0.019 0.084
0 0.213 0.276 0.019 0.079
0 0.231 0.276 0.013 0.073
0 0.248 0.276 0.011 0.065
0 0.337 0.270 0.020 0.076
0 0.364 0.275 0.020 0.085
0 0.382 0.271 0.018 0.066
0 0.405 0.268 0.028 0.086
0 0.421 0.267 0.020 0.107
0 0.519 0.256 0.022 0.082
0 0.538 0.270 0.017 0.079
0 0.559 0.270 0.019 0.073
0 0.579 0.257 0.018 0.071
0 0.601 0.257 0.020 0.079
0 0.698 0.261 0.024 0.082
0 0.725 0.266 0.024 0.102
0 0.744 0.265 0.016 0.083
0 0.764 0.267 0.023 0.060
0 0.786 0.261 0.025 0.072
0 0.476 0.398 0.014 0.085
0 0.511 0.418 0.028 0.076
0 0.538 0.384 0.009 0.084
0 0.561 0.392 0.024 0.103
0 0.579 0.394 0.015 0.104
0 0.617 0.388 0.024 0.073
0 0.646 0.388 0.009 0.069
0 0.667 0.393 0.018 0.059
0 0.687 0.391 0.018 0.070
0 0.728 0.396 0.019 0.073
0 0.769 0.448 0.026 0.061
0 0.793 0.449 0.021 0.068
0 0.813 0.448 0.022 0.065
0 0.207 0.562 0.018 0.083
0 0.222 0.557 0.015 0.075
0 0.239 0.550 0.009 0.075
0 0.257 0.546 0.012 0.068
0 0.268 0.540 0.011 0.076
0 0.286 0.532 0.009 0.076
0 0.304 0.526 0.011 0.081
0 0.355 0.547 0.015 0.104
0 0.369 0.546 0.014 0.084
0 0.387 0.536 0.007 0.087
0 0.404 0.534 0.016 0.090
0 0.418 0.523 0.014 0.092
0 0.437 0.521 0.011 0.075
0 0.452 0.517 0.021 0.077
0 0.661 0.522 0.021 0.077
0 0.688 0.538 0.016 0.063
0 0.713 0.533 0.020 0.064
0 0.737 0.549 0.013 0.071
0 0.767 0.549 0.016 0.069
0 0.783 0.553 0.017 0.063
0 0.802 0.559 0.018 0.063
0 0.827 0.566 0.024 0.077
0 0.176 0.654 0.018 0.079
0 0.274 0.652 0.013 0.081
0 0.376 0.666 0.011 0.099
0 0.391 0.661 0.015 0.089
0 0.428 0.666 0.014 0.075
0 0.443 0.664 0.020 0.089
0 0.501 0.661 0.010 0.091
0 0.512 0.656 0.014 0.071
0 0.431 0.776 0.018 0.091
0 0.461 0.790 0.019 0.072
0 0.492 0.780 0.023 0.092
0 0.529 0.779 0.015 0.075
0 0.567 0.789 0.017 0.090
0 0.604 0.765 0.009 0.050
0 0.612 0.763 0.009 0.044
0 0.627 0.784 0.017 0.074
0 0.648 0.786 0.025 0.075
0 0.681 0.784 0.022 0.072
0 0.714 0.792 0.018 0.070
0 0.751 0.797 0.016 0.065
0 0.776 0.786 0.020 0.065
0 0.815 0.791 0.016 0.065
0 0.844 0.752 0.010 0.039
0 0.850 0.754 0.007 0.029
0 0.861 0.768 0.014 0.063
0 0.874 0.768 0.011 0.066
0 0.706 0.662 0.010 0.071
0 0.716 0.667 0.010 0.053
0 0.644 0.669 0.013 0.065
0 0.655 0.669 0.007 0.056
0 0.610 0.664 0.012 0.052
0 0.598 0.665 0.008 0.060
0 0.289 0.805 0.021 0.079
0 0.334 0.752 0.012 0.034
0 0.349 0.754 0.016 0.042
0 0.368 0.768 0.015 0.066
0 0.390 0.771 0.018 0.079
0 0.482 0.522 0.025 0.106
