0 0.196 0.140 0.019 0.073
0 0.246 0.109 0.017 0.064
0 0.265 0.110 0.020 0.076
0 0.288 0.118 0.017 0.060
0 0.320 0.111 0.019 0.078
0 0.367 0.147 0.017 0.078
0 0.385 0.141 0.010 0.068
0 0.404 0.121 0.017 0.049
0 0.455 0.123 0.021 0.064
0 0.495 0.135 0.026 0.091
0 0.534 0.123 0.017 0.063
0 0.550 0.119 0.011 0.062
0 0.566 0.109 0.017 0.066
0 0.581 0.099 0.018 0.063
0 0.605 0.129 0.021 0.058
0 0.663 0.133 0.022 0.068
0 0.700 0.137 0.017 0.073
0 0.715 0.130 0.013 0.073
0 0.730 0.122 0.017 0.071
0 0.744 0.112 0.025 0.063
0 0.772 0.111 0.021 0.066
0 0.798 0.118 0.029 0.065
0 0.203 0.255 0.024 0.078
0 0.222 0.263 0.019 0.074
0 0.241 0.265 0.024 0.076
0 0.262 0.270 0.025 0.081
0 0.286 0.268 0.029 0.087
0 0.321 0.251 0.016 0.077
0 0.346 0.266 0.014 0.074
0 0.370 0.270 0.013 0.068
0 0.406 0.280 0.021 0.072
0 0.455 0.277 0.018 0.066
0 0.470 0.274 0.022 0.083
0 0.487 0.279 0.019 0.075
0 0.503 0.285 0.019 0.075
0 0.535 0.258 0.018 0.065
0 0.567 0.259 0.028 0.059
0 0.585 0.247 0.018 0.063
0 0.608 0.239 0.021 0.063
0 0.622 0.237 0.024 0.079
0 0.640 0.252 0.019 0.068
0 0.663 0.255 0.020 0.069
0 0.703 0.268 0.020 0.067
0 0.742 0.230 0.024 0.058
0 0.771 0.224 0.022 0.071
0 0.787 0.230 0.014 0.070
0 0.800 0.241 0.016 0.077
0 0.813 0.248 0.016 0.084
0 0.196 0.905 0.023 0.085
0 0.249 0.898 0.032 0.078
0 0.274 0.898 0.037 0.084
0 0.308 0.908 0.017 0.078
0 0.329 0.876 0.026 0.072
0 0.355 0.883 0.029 0.068
0 0.466 0.885 0.031 0.089
0 0.521 0.892 0.033 0.081
0 0.564 0.881 0.022 0.053
0 0.598 0.897 0.028 0.058
0 0.619 0.898 0.021 0.072
0 0.638 0.903 0.019 0.065
0 0.705 0.892 0.029 0.089
0 0.750 0.883 0.021 0.076
0 0.767 0.879 0.021 0.071
0 0.784 0.890 0.018 0.068
0 0.801 0.879 0.022 0.081
0 0.833 0.870 0.020 0.083
0 0.831 0.774 0.024 0.072
0 0.792 0.777 0.013 0.055
0 0.776 0.785 0.023 0.088
0 0.757 0.786 0.021 0.092
0 0.737 0.776 0.018 0.074
0 0.694 0.787 0.030 0.084
0 0.630 0.776 0.022 0.074
0 0.610 0.771 0.018 0.076
0 0.593 0.757 0.023 0.067
0 0.560 0.759 0.025 0.079
0 0.510 0.779 0.019 0.070
0 0.461 0.778 0.018 0.066
0 0.440 0.772 0.018 0.061
0 0.423 0.772 0.017 0.069
0 0.406 0.779 0.022 0.078
0 0.383 0.761 0.020 0.066
0 0.320 0.763 0.019 0.080
0 0.290 0.770 0.023 0.070
0 0.266 0.771 0.021 0.072
0 0.245 0.760 0.022 0.072
0 0.218 0.753 0.025 0.077
0 0.195 0.753 0.024 0.082
0 0.200 0.619 0.022 0.076
0 0.246 0.612 0.025 0.070
0 0.279 0.625 0.021 0.068
0 0.300 0.625 0.022 0.078
0 0.319 0.626 0.020 0.081
0 0.347 0.646 0.020 0.065
0 0.384 0.651 0.016 0.075
0 0.400 0.635 0.016 0.080
0 0.416 0.643 0.016 0.069
0 0.429 0.647 0.015 0.085
0 0.456 0.652 0.027 0.071
0 0.503 0.644 0.037 0.074
0 0.199 0.514 0.021 0.072
0 0.222 0.514 0.024 0.070
0 0.244 0.485 0.017 0.066
0 0.265 0.494 0.026 0.068
0 0.290 0.498 0.022 0.065
0 0.323 0.493 0.017 0.080
0 0.397 0.495 0.011 0.069
0 0.412 0.502 0.019 0.070
0 0.429 0.509 0.016 0.070
0 0.454 0.497 0.020 0.063
0 0.541 0.515 0.026 0.075
0 0.557 0.507 0.018 0.076
0 0.572 0.493 0.022 0.072
0 0.591 0.488 0.023 0.074
0 0.613 0.520 0.020 0.096
0 0.659 0.523 0.024 0.076
0 0.205 0.360 0.015 0.073
0 0.246 0.373 0.018 0.074
0 0.285 0.363 0.020 0.080
0 0.303 0.368 0.020 0.086
0 0.318 0.373 0.019 0.079
0 0.336 0.375 0.020 0.084
0 0.368 0.365 0.012 0.072
0 0.383 0.369 0.018 0.072
0 0.400 0.377 0.018 0.081
0 0.426 0.385 0.034 0.098
0 0.451 0.380 0.023 0.084
0 0.494 0.372 0.015 0.071
0 0.499 0.519 0.021 0.078
0 0.535 0.374 0.020 0.085
0 0.824 0.636 0.032 0.089
0 0.786 0.638 0.025 0.076
0 0.765 0.634 0.026 0.077
0 0.750 0.637 0.017 0.075
0 0.732 0.645 0.020 0.055
0 0.688 0.646 0.030 0.067
0 0.619 0.627 0.021 0.063
0 0.601 0.640 0.024 0.059
0 0.582 0.639 0.020 0.070
0 0.572 0.645 0.011 0.082
0 0.548 0.653 0.023 0.086
0 0.718 0.527 0.014 0.079
0 0.730 0.528 0.009 0.081
0 0.747 0.505 0.022 0.072
0 0.769 0.510 0.016 0.085
0 0.789 0.497 0.020 0.083
0 0.809 0.503 0.021 0.074
0 0.812 0.384 0.015 0.076
0 0.798 0.376 0.014 0.078
0 0.787 0.373 0.014 0.080
0 0.771 0.361 0.021 0.078
0 0.742 0.348 0.031 0.091
0 0.711 0.375 0.022 0.072
0 0.654 0.398 0.024 0.091
0 0.636 0.392 0.018 0.091
0 0.623 0.382 0.009 0.085
0 0.607 0.381 0.024 0.087
0 0.568 0.370 0.025 0.079
