0 0.149 0.142 0.016 0.069
0 0.179 0.150 0.012 0.079
0 0.198 0.169 0.016 0.066
0 0.218 0.170 0.015 0.062
0 0.239 0.160 0.014 0.070
0 0.286 0.142 0.017 0.070
0 0.310 0.150 0.020 0.069
0 0.335 0.145 0.021 0.069
0 0.353 0.137 0.025 0.092
0 0.377 0.126 0.021 0.084
0 0.490 0.167 0.014 0.101
0 0.504 0.170 0.013 0.074
0 0.517 0.153 0.013 0.087
0 0.543 0.163 0.010 0.093
0 0.557 0.160 0.014 0.078
0 0.573 0.148 0.020 0.089
0 0.596 0.159 0.020 0.081
0 0.610 0.147 0.018 0.095
0 0.681 0.159 0.011 0.102
0 0.694 0.160 0.015 0.080
0 0.707 0.145 0.014 0.089
0 0.726 0.163 0.013 0.088
0 0.741 0.165 0.014 0.075
0 0.753 0.153 0.014 0.088
0 0.774 0.156 0.020 0.090
0 0.788 0.139 0.020 0.107
0 0.837 0.184 0.017 0.078
0 0.858 0.183 0.022 0.083
0 0.877 0.158 0.018 0.088
0 0.893 0.183 0.013 0.090
0 0.904 0.184 0.009 0.089
0 0.918 0.182 0.016 0.079
0 0.928 0.176 0.011 0.081
0 0.942 0.215 0.016 0.066
0 0.154 0.335 0.020 0.090
0 0.185 0.354 0.017 0.120
0 0.206 0.330 0.020 0.101
0 0.223 0.312 0.017 0.090
0 0.250 0.319 0.016 0.087
0 0.263 0.320 0.016 0.090
0 0.280 0.338 0.016 0.121
0 0.407 0.332 0.013 0.087
0 0.428 0.344 0.013 0.097
0 0.452 0.310 0.018 0.092
0 0.469 0.300 0.013 0.090
0 0.492 0.307 0.020 0.090
0 0.504 0.303 0.016 0.097
0 0.521 0.312 0.019 0.098
0 0.620 0.320 0.020 0.085
0 0.641 0.318 0.014 0.079
0 0.684 0.359 0.017 0.094
0 0.700 0.354 0.014 0.081
0 0.714 0.352 0.015 0.081
0 0.737 0.342 0.019 0.098
0 0.754 0.346 0.014 0.061
0 0.765 0.337 0.014 0.095
0 0.791 0.352 0.025 0.074
0 0.859 0.385 0.021 0.078
0 0.878 0.382 0.014 0.073
0 0.891 0.380 0.013 0.061
0 0.916 0.380 0.014 0.071
0 0.930 0.372 0.009 0.069
0 0.940 0.377 0.009 0.074
0 0.127 0.527 0.020 0.075
0 0.143 0.521 0.014 0.090
0 0.158 0.521 0.017 0.090
0 0.179 0.532 0.015 0.089
0 0.195 0.531 0.019 0.078
0 0.212 0.522 0.017 0.088
0 0.256 0.517 0.014 0.101
0 0.270 0.516 0.014 0.095
0 0.283 0.517 0.011 0.089
0 0.318 0.506 0.016 0.107
0 0.339 0.496 0.010 0.090
0 0.352 0.494 0.017 0.085
0 0.390 0.523 0.016 0.104
0 0.404 0.521 0.013 0.090
0 0.416 0.511 0.011 0.109
0 0.438 0.531 0.021 0.085
0 0.454 0.528 0.018 0.094
0 0.474 0.528 0.022 0.081
0 0.552 0.494 0.016 0.099
0 0.569 0.493 0.020 0.085
0 0.588 0.489 0.017 0.090
0 0.622 0.482 0.018 0.095
0 0.640 0.475 0.012 0.085
0 0.655 0.472 0.011 0.079
0 0.349 0.797 0.014 0.062
0 0.364 0.800 0.011 0.071
0 0.377 0.810 0.013 0.079
0 0.452 0.795 0.016 0.081
0 0.467 0.800 0.010 0.070
0 0.483 0.800 0.017 0.103
0 0.467 0.646 0.017 0.097
0 0.486 0.643 0.010 0.088
0 0.496 0.637 0.009 0.084
0 0.508 0.640 0.014 0.076
0 0.520 0.632 0.011 0.080
0 0.395 0.656 0.015 0.103
0 0.409 0.663 0.011 0.084
0 0.420 0.665 0.011 0.080
0 0.432 0.665 0.010 0.075
0 0.446 0.649 0.021 0.107
0 0.263 0.646 0.017 0.088
0 0.279 0.646 0.012 0.066
0 0.293 0.646 0.015 0.067
0 0.317 0.653 0.018 0.090
0 0.336 0.659 0.018 0.079
0 0.357 0.658 0.022 0.071
0 0.211 0.635 0.014 0.092
0 0.198 0.634 0.015 0.092
0 0.188 0.642 0.014 0.078
0 0.168 0.642 0.017 0.066
0 0.156 0.648 0.014 0.067
0 0.144 0.644 0.011 0.069
0 0.789 0.629 0.019 0.083
0 0.805 0.633 0.014 0.065
0 0.818 0.634 0.010 0.064
0 0.830 0.635 0.013 0.060
0 0.843 0.630 0.016 0.076
0 0.869 0.627 0.020 0.085
0 0.887 0.626 0.014 0.084
0 0.900 0.622 0.012 0.090
0 0.911 0.622 0.011 0.084
0 0.923 0.625 0.011 0.080
0 0.693 0.488 0.020 0.106
0 0.711 0.483 0.013 0.075
0 0.724 0.490 0.014 0.076
0 0.746 0.504 0.019 0.103
0 0.761 0.503 0.012 0.089
0 0.774 0.496 0.014 0.076
0 0.810 0.493 0.016 0.108
0 0.824 0.498 0.014 0.106
0 0.836 0.498 0.011 0.075
0 0.848 0.499 0.012 0.074
0 0.863 0.485 0.018 0.098
0 0.898 0.483 0.017 0.079
0 0.912 0.482 0.010 0.070
0 0.922 0.479 0.007 0.070
0 0.932 0.482 0.011 0.069
0 0.943 0.483 0.010 0.065
0 0.573 0.632 0.017 0.107
0 0.590 0.635 0.016 0.094
0 0.604 0.637 0.013 0.080
0 0.616 0.646 0.011 0.094
0 0.630 0.639 0.021 0.117
0 0.665 0.626 0.024 0.084
0 0.690 0.623 0.024 0.078
0 0.705 0.622 0.022 0.088
0 0.724 0.623 0.020 0.078
0 0.739 0.616 0.018 0.085
