0 0.098 0.115 0.027 0.067
0 0.126 0.112 0.030 0.063
0 0.150 0.115 0.018 0.068
0 0.169 0.108 0.019 0.057
0 0.215 0.122 0.025 0.079
0 0.232 0.096 0.012 0.035
0 0.243 0.126 0.012 0.062
0 0.260 0.106 0.016 0.050
0 0.348 0.140 0.024 0.045
0 0.384 0.144 0.031 0.053
0 0.409 0.197 0.013 0.056
0 0.430 0.139 0.014 0.060
0 0.445 0.138 0.016 0.053
0 0.469 0.130 0.010 0.067
0 0.481 0.138 0.013 0.067
0 0.496 0.142 0.014 0.063
0 0.509 0.140 0.011 0.060
0 0.521 0.140 0.014 0.057
0 0.533 0.144 0.017 0.057
0 0.551 0.158 0.017 0.037
0 0.158 0.191 0.031 0.042
0 0.598 0.215 0.018 0.042
0 0.601 0.268 0.014 0.057
0 0.614 0.276 0.014 0.060
0 0.642 0.145 0.025 0.072
0 0.667 0.147 0.032 0.062
0 0.698 0.151 0.029 0.054
0 0.723 0.141 0.018 0.061
0 0.761 0.154 0.022 0.089
0 0.777 0.122 0.016 0.049
0 0.791 0.161 0.013 0.053
0 0.813 0.139 0.018 0.041
0 0.833 0.145 0.022 0.068
0 0.877 0.142 0.023 0.038
0 0.857 0.221 0.017 0.034
0 0.837 0.241 0.018 0.036
0 0.857 0.276 0.021 0.045
0 0.874 0.271 0.020 0.063
0 0.699 0.219 0.022 0.050
0 0.309 0.197 0.025 0.044
0 0.172 0.831 0.032 0.057
0 0.302 0.839 0.022 0.052
0 0.355 0.794 0.020 0.042
0 0.367 0.743 0.014 0.051
0 0.377 0.737 0.012 0.046
0 0.385 0.732 0.014 0.047
0 0.408 0.737 0.017 0.051
0 0.413 0.795 0.020 0.039
0 0.431 0.741 0.014 0.049
0 0.446 0.745 0.015 0.063
0 0.461 0.753 0.017 0.064
0 0.487 0.801 0.025 0.048
0 0.517 0.796 0.016 0.047
0 0.502 0.749 0.018 0.055
0 0.483 0.725 0.017 0.032
0 0.536 0.788 0.020 0.052
0 0.561 0.740 0.024 0.064
0 0.587 0.745 0.016 0.049
0 0.599 0.791 0.010 0.042
0 0.602 0.734 0.017 0.046
0 0.617 0.729 0.018 0.056
0 0.629 0.727 0.017 0.045
0 0.643 0.726 0.017 0.059
0 0.660 0.730 0.012 0.064
0 0.677 0.737 0.018 0.048
0 0.721 0.835 0.023 0.051
0 0.740 0.818 0.024 0.054
0 0.070 0.750 0.021 0.081
0 0.087 0.755 0.019 0.067
0 0.098 0.754 0.017 0.065
0 0.112 0.761 0.015 0.062
0 0.131 0.765 0.023 0.065
0 0.156 0.756 0.022 0.075
0 0.176 0.754 0.017 0.063
0 0.190 0.750 0.013 0.053
0 0.208 0.745 0.017 0.059
0 0.231 0.755 0.014 0.068
0 0.248 0.757 0.018 0.059
0 0.264 0.756 0.014 0.074
0 0.280 0.758 0.018 0.076
0 0.320 0.738 0.016 0.044
0 0.299 0.774 0.028 0.053
0 0.337 0.746 0.014 0.044
0 0.871 0.548 0.014 0.046
0 0.860 0.546 0.017 0.055
0 0.848 0.545 0.017 0.059
0 0.873 0.457 0.029 0.054
0 0.827 0.457 0.017 0.047
0 0.801 0.448 0.016 0.042
0 0.788 0.447 0.011 0.047
0 0.779 0.444 0.014 0.060
0 0.748 0.441 0.016 0.048
0 0.739 0.446 0.016 0.054
0 0.700 0.444 0.016 0.049
0 0.707 0.508 0.016 0.055
0 0.691 0.513 0.010 0.035
0 0.739 0.506 0.020 0.042
0 0.743 0.550 0.013 0.044
0 0.734 0.562 0.014 0.060
0 0.721 0.562 0.016 0.060
0 0.649 0.545 0.014 0.065
0 0.680 0.567 0.024 0.058
0 0.640 0.559 0.014 0.058
0 0.629 0.567 0.016 0.050
0 0.619 0.569 0.018 0.066
0 0.563 0.540 0.020 0.082
0 0.595 0.450 0.014 0.078
0 0.580 0.433 -0.013 -0.052
0 0.572 0.433 -0.012 0.059
0 0.555 0.428 -0.007 0.047
0 0.526 0.459 -0.012 0.052
0 0.512 0.462 -0.016 -0.045
0 0.487 0.463 -0.017 0.042
0 0.475 0.468 -0.017 -0.053
0 0.440 0.558 0.021 0.053
0 0.423 0.572 -0.013 0.053
0 0.407 0.575 -0.016 0.054
0 0.344 0.519 -0.013 0.050
0 0.319 0.521 -0.017 0.047
0 0.318 0.592 -0.017 0.044
0 0.278 0.530 -0.012 0.053
0 0.264 0.533 -0.014 0.061
0 0.248 0.534 -0.014 0.051
0 0.236 0.528 -0.009 0.038
0 0.193 0.523 -0.018 -0.038
0 0.179 0.519 -0.015 0.045
0 0.149 0.514 -0.017 -0.032
0 0.112 0.574 -0.021 0.050
0 0.086 0.574 -0.031 -0.054
0 0.071 0.433 0.018 0.062
0 0.090 0.444 0.022 0.061
0 0.110 0.438 0.024 0.076
0 0.126 0.442 0.011 0.068
0 0.144 0.450 0.018 0.074
0 0.159 0.451 0.015 0.063
0 0.174 0.459 0.017 0.060
0 0.191 0.455 0.018 0.044
0 0.233 0.444 0.018 0.083
0 0.211 0.434 -0.015 0.048
0 0.268 0.457 0.022 0.065
0 0.304 0.432 0.022 0.065
0 0.324 0.447 0.017 0.076
0 0.343 0.450 0.024 0.079
0 0.781 0.505 0.014 0.043
0 0.784 0.545 0.009 0.036
0 0.798 0.500 0.018 0.036
