0 0.200 0.110 0.028 0.091
0 0.219 0.109 0.016 0.089
0 0.248 0.138 0.020 0.093
0 0.312 0.130 0.014 0.083
0 0.335 0.144 0.014 0.088
0 0.360 0.137 0.019 0.080
0 0.427 0.138 0.014 0.050
0 0.437 0.136 0.010 0.053
0 0.466 0.134 0.013 0.099
0 0.491 0.112 0.016 0.092
0 0.517 0.116 0.011 0.084
0 0.550 0.146 0.022 0.070
0 0.580 0.147 0.014 0.063
0 0.600 0.105 0.015 0.071
0 0.626 0.118 0.011 0.090
0 0.653 0.137 0.021 0.059
0 0.686 0.143 0.012 0.071
0 0.714 0.138 0.017 0.078
0 0.730 0.145 0.017 0.076
0 0.762 0.146 0.020 0.066
0 0.823 0.147 0.014 0.059
0 0.830 0.143 0.011 0.048
0 0.852 0.153 0.017 0.057
0 0.872 0.130 0.013 0.068
0 0.891 0.138 0.009 0.067
0 0.910 0.173 0.013 0.067
0 0.208 0.268 0.014 0.076
0 0.242 0.261 0.018 0.067
0 0.284 0.300 0.013 0.068
0 0.204 0.438 0.012 0.053
0 0.212 0.431 0.009 0.048
0 0.233 0.445 0.014 0.070
0 0.192 0.550 0.010 0.082
0 0.180 0.583 0.013 -0.048
0 0.204 0.538 0.014 0.078
0 0.227 0.543 0.010 0.097
0 0.241 0.537 0.014 0.084
0 0.257 0.540 0.017 0.089
0 0.178 0.713 0.016 0.088
0 0.221 0.682 0.012 0.079
0 0.182 0.822 0.009 0.067
0 0.338 0.718 0.013 0.087
0 0.391 0.686 0.011 0.087
0 0.335 0.857 0.018 0.076
0 0.854 0.684 0.020 0.079
0 0.834 0.680 0.022 0.069
0 0.471 0.689 0.024 0.076
0 0.440 0.683 0.022 0.072
0 0.462 0.581 0.013 0.080
0 0.514 0.546 0.013 0.072
0 0.683 0.582 0.020 0.057
0 0.775 0.576 0.018 0.082
0 0.824 0.545 0.013 0.080
0 0.895 0.520 0.010 0.039
0 0.901 0.509 0.008 0.049
0 0.333 0.562 -0.022 -0.072
0 0.318 0.570 -0.011 0.102
0 0.307 0.568 -0.011 -0.110
0 0.290 0.561 -0.013 0.109
0 0.535 0.402 0.018 0.077
0 0.490 0.437 0.011 0.074
0 0.675 0.446 0.014 0.074
0 0.688 0.440 0.016 0.069
0 0.699 0.410 0.011 0.044
0 0.725 0.436 0.011 0.081
0 0.746 0.419 0.017 0.090
0 0.757 0.391 0.011 0.060
0 0.790 0.452 0.013 0.053
0 0.799 0.439 0.016 0.060
0 0.820 0.409 0.013 0.066
0 0.843 0.412 0.009 0.089
0 0.857 0.427 0.009 0.089
0 0.867 0.446 0.010 0.079
0 0.829 0.286 0.020 0.096
0 0.860 0.284 0.016 0.068
0 0.726 0.283 0.024 0.076
0 0.695 0.282 0.011 0.069
0 0.684 0.284 0.013 0.054
0 0.599 0.278 0.020 0.082
0 0.560 0.266 0.018 0.074
0 0.526 0.267 0.020 0.076
0 0.406 0.279 0.017 0.064
0 0.378 0.272 0.011 0.074
0 0.366 0.271 0.016 0.061
0 0.357 0.443 0.024 0.068
