0 0.197 0.141 0.025 0.090
0 0.221 0.131 0.021 0.078
0 0.242 0.127 0.019 0.069
0 0.274 0.114 0.015 0.059
0 0.299 0.124 0.022 0.062
0 0.320 0.128 0.020 0.072
0 0.352 0.122 0.020 0.062
0 0.371 0.122 0.015 0.084
0 0.385 0.129 0.011 0.074
0 0.397 0.134 0.014 0.074
0 0.410 0.136 0.013 0.061
0 0.450 0.132 0.021 0.070
0 0.475 0.139 0.021 0.098
0 0.491 0.142 0.018 0.079
0 0.507 0.144 0.013 0.077
0 0.521 0.140 0.017 0.073
0 0.560 0.137 0.015 0.061
0 0.584 0.118 0.021 0.071
0 0.637 0.102 0.020 0.079
0 0.674 0.118 0.018 0.064
0 0.698 0.129 0.016 0.059
0 0.713 0.136 0.014 0.063
0 0.735 0.111 0.020 0.064
0 0.778 0.139 0.020 0.076
0 0.864 0.151 0.011 0.053
0 0.874 0.152 0.010 0.061
0 0.848 0.261 0.016 0.065
0 0.863 0.264 0.013 0.064
0 0.877 0.244 0.016 0.070
0 0.824 0.233 0.018 0.076
0 0.810 0.246 0.020 0.060
0 0.796 0.241 0.013 0.066
0 0.777 0.229 0.020 0.060
0 0.746 0.226 0.029 0.072
0 0.702 0.221 0.026 0.073
0 0.679 0.227 0.016 0.054
0 0.628 0.230 0.017 0.079
0 0.615 0.239 0.015 0.060
0 0.596 0.238 0.010 0.073
0 0.583 0.244 0.017 0.097
0 0.565 0.236 0.014 0.075
0 0.525 0.242 0.017 0.082
0 0.506 0.236 0.014 0.070
0 0.492 0.229 0.013 0.065
0 0.477 0.230 0.017 0.071
0 0.449 0.226 0.019 0.065
0 0.400 0.237 0.018 0.076
0 0.375 0.231 0.013 0.066
0 0.355 0.231 0.021 0.072
0 0.322 0.238 0.018 0.107
0 0.303 0.244 0.016 0.067
0 0.202 0.274 0.022 0.060
0 0.200 0.389 0.017 0.055
0 0.222 0.501 0.017 0.061
0 0.244 0.496 0.018 -0.074
0 0.275 0.484 0.017 0.066
0 0.296 0.494 0.017 0.073
0 0.317 0.500 0.017 0.079
0 0.302 0.611 0.014 0.051
0 0.318 0.607 0.016 0.057
0 0.353 0.603 0.017 0.062
0 0.373 0.610 0.016 0.073
0 0.403 0.616 0.012 0.060
0 0.410 0.515 0.014 0.078
0 0.398 0.513 0.013 0.090
0 0.385 0.507 0.011 0.101
0 0.374 0.505 0.013 0.097
0 0.353 0.500 0.020 0.084
0 0.444 0.494 0.015 0.050
0 0.470 0.501 0.015 0.069
0 0.482 0.501 0.009 0.052
0 0.504 0.511 0.018 0.069
0 0.517 0.508 0.007 0.067
0 0.501 0.384 0.022 0.083
0 0.474 0.395 0.013 0.058
0 0.441 0.608 0.013 0.048
0 0.477 0.768 0.020 0.065
0 0.505 0.765 0.022 0.080
0 0.472 0.615 0.018 0.080
0 0.489 0.617 0.017 0.078
0 0.511 0.627 0.014 0.075
0 0.527 0.626 0.011 0.068
0 0.565 0.619 0.018 0.065
0 0.587 0.622 0.022 0.074
0 0.604 0.621 0.016 0.068
0 0.627 0.628 0.011 0.056
0 0.638 0.621 0.013 0.067
0 0.567 0.755 0.016 0.072
0 0.595 0.765 0.021 0.064
0 0.622 0.776 0.023 0.073
0 0.630 0.896 0.025 0.060
0 0.603 0.895 0.015 0.071
0 0.563 0.504 0.020 0.067
0 0.590 0.487 0.024 0.080
0 0.638 0.476 0.027 0.070
0 0.614 0.389 0.024 0.074
0 0.584 0.391 0.021 0.069
0 0.562 0.380 0.016 0.071
0 0.676 0.388 0.018 0.065
0 0.697 0.393 0.017 0.091
0 0.712 0.397 0.013 0.078
0 0.725 0.403 0.014 0.076
0 0.741 0.409 0.014 0.069
0 0.773 0.401 0.013 0.066
0 0.786 0.401 0.015 0.082
0 0.799 0.405 0.007 0.068
0 0.808 0.402 0.009 0.060
0 0.820 0.404 0.016 0.055
0 0.847 0.382 0.017 0.066
0 0.861 0.384 0.013 0.066
0 0.872 0.380 0.014 0.080
0 0.871 0.506 0.011 0.069
0 0.858 0.505 0.014 0.058
0 0.846 0.636 0.014 0.050
0 0.858 0.630 0.014 0.052
0 0.871 0.613 0.011 0.065
0 0.873 0.744 0.010 0.061
0 0.859 0.743 0.018 0.059
0 0.848 0.767 0.013 0.052
0 0.849 0.877 0.008 0.049
0 0.856 0.868 0.009 0.062
0 0.862 0.872 0.006 0.053
0 0.873 0.874 0.007 0.065
0 0.880 0.877 0.006 0.050
0 0.773 0.897 0.019 0.063
0 0.732 0.899 0.021 0.059
0 0.706 0.882 0.021 0.059
0 0.682 0.874 0.020 0.055
0 0.789 0.874 0.010 0.071
0 0.801 0.878 0.014 0.070
0 0.818 0.883 0.006 0.072
0 0.830 0.884 0.010 0.060
0 0.826 0.759 0.009 0.074
0 0.816 0.769 0.015 0.053
0 0.803 0.762 0.011 0.057
0 0.789 0.758 0.014 0.054
0 0.738 0.771 0.014 0.076
0 0.774 0.763 0.013 0.061
0 0.727 0.776 0.015 0.074
0 0.714 0.771 0.018 0.084
0 0.701 0.760 0.016 0.076
0 0.678 0.762 0.017 0.061
0 0.684 0.619 0.018 0.081
0 0.706 0.615 0.022 0.074
0 0.739 0.614 0.028 0.078
0 0.770 0.620 0.017 0.060
0 0.794 0.627 0.009 0.077
0 0.809 0.636 0.011 0.066
0 0.823 0.613 0.028 0.092
0 0.778 0.508 0.029 0.088
0 0.728 0.492 0.015 0.081
0 0.715 0.511 0.015 0.066
0 0.700 0.509 0.021 0.072
0 0.675 0.493 0.020 0.057
