0 0.813 0.728 0.026 0.052
0 0.816 0.778 0.021 0.048
0 0.789 0.737 0.018 0.043
0 0.795 0.784 0.015 0.051
0 0.777 0.747 0.014 0.040
0 0.777 0.786 0.014 0.041
0 0.761 0.743 0.015 0.043
0 0.760 0.783 0.014 0.048
0 0.744 0.739 0.020 0.043
0 0.744 0.786 0.017 0.057
0 0.862 0.735 0.014 0.045
0 0.865 0.782 0.022 0.046
0 0.853 0.854 0.025 0.073
0 0.708 0.852 0.022 0.075
0 0.707 0.832 0.014 0.020
0 0.684 0.835 0.009 0.022
0 0.687 0.858 0.018 0.067
0 0.645 0.868 0.021 0.057
0 0.644 0.858 0.025 0.074
0 0.420 0.871 0.015 0.051
0 0.420 0.866 0.021 0.074
0 0.369 0.872 0.014 0.063
0 0.369 0.861 0.019 0.073
0 0.342 0.876 0.013 0.059
0 0.345 0.870 0.014 0.078
0 0.301 0.869 0.009 0.065
0 0.303 0.862 0.016 0.069
0 0.318 0.788 0.013 0.059
0 0.314 0.769 0.013 0.091
0 0.339 0.759 0.012 0.078
0 0.339 0.782 0.011 0.043
0 0.366 0.782 0.013 0.034
0 0.366 0.759 0.017 0.084
0 0.409 0.765 0.014 0.029
0 0.407 0.743 0.030 0.078
0 0.434 0.745 0.016 0.105
0 0.435 0.768 0.015 0.043
0 0.435 0.718 0.015 0.061
0 0.450 0.721 0.018 0.064
0 0.450 0.769 0.018 0.051
0 0.452 0.742 0.019 0.095
0 0.470 0.746 0.023 0.111
0 0.468 0.732 0.024 0.076
0 0.471 0.775 0.017 0.050
0 0.494 0.779 0.020 0.043
0 0.492 0.735 0.022 0.047
0 0.492 0.756 0.020 0.095
0 0.523 0.736 0.024 0.056
0 0.523 0.780 0.025 0.034
0 0.523 0.749 0.026 0.101
0 0.555 0.757 0.020 0.117
0 0.555 0.782 0.018 0.059
0 0.573 0.756 0.017 0.100
0 0.579 0.780 0.024 0.051
0 0.576 0.724 0.025 0.058
0 0.615 0.762 0.021 0.101
0 0.617 0.782 0.022 0.058
0 0.615 0.731 0.017 0.045
0 0.641 0.733 0.022 0.051
0 0.643 0.788 0.016 0.053
0 0.641 0.765 0.017 0.108
0 0.660 0.776 0.019 0.055
0 0.679 0.773 0.022 0.045
0 0.703 0.776 0.032 0.055
0 0.701 0.735 0.029 0.054
0 0.683 0.733 -0.029 0.040
0 0.662 0.730 -0.018 0.032
0 0.658 0.756 0.017 0.095
0 0.677 0.756 0.027 0.095
0 0.703 0.752 0.028 0.087
0 0.191 0.885 -0.039 -0.128
0 0.156 0.884 -0.033 -0.128
0 0.125 0.887 -0.030 -0.121
0 0.094 0.887 -0.031 -0.122
0 0.095 0.870 -0.028 -0.071
0 0.128 0.872 -0.020 -0.063
0 0.159 0.867 -0.025 -0.060
0 0.188 0.866 -0.028 -0.062
0 0.189 0.921 -0.029 -0.051
0 0.154 0.917 -0.021 -0.043
0 0.124 0.919 -0.023 -0.024
0 0.099 0.916 -0.013 -0.043
0 0.130 0.753 -0.025 -0.108
0 0.166 0.758 0.047 -0.107
0 0.158 0.750 -0.022 -0.056
0 0.132 0.735 -0.013 -0.073
0 0.096 0.746 -0.030 -0.107
0 0.095 0.732 -0.024 -0.069
0 0.194 0.748 0.024 -0.063
0 0.191 0.785 0.025 -0.056
0 0.216 0.759 0.025 0.112
0 0.238 0.758 0.024 0.108
0 0.272 0.756 0.033 0.114
0 0.295 0.765 0.014 0.106
0 0.297 0.786 0.018 0.061
0 0.297 0.742 0.015 0.043
0 0.271 0.743 0.023 0.051
0 0.272 0.787 0.026 0.054
0 0.243 0.785 0.021 0.053
0 0.240 0.743 0.025 0.046
0 0.216 0.736 0.024 0.047
0 0.216 0.784 0.020 0.051
0 0.151 0.134 0.029 0.056
0 0.179 0.138 0.025 0.066
0 0.196 0.143 0.012 0.057
0 0.232 0.143 0.017 0.069
0 0.255 0.144 0.029 0.067
0 0.351 0.150 0.026 0.085
0 0.350 0.131 0.016 0.043
0 0.351 0.138 0.017 0.059
0 0.350 0.146 0.017 0.077
0 0.378 0.147 0.014 0.066
0 0.380 0.143 0.013 0.055
0 0.381 0.138 0.012 0.044
0 0.395 0.145 0.018 0.080
0 0.395 0.132 0.019 0.051
0 0.396 0.138 0.018 0.065
0 0.417 0.146 0.026 0.076
0 0.415 0.134 0.019 0.036
0 0.419 0.161 0.014 0.022
0 0.447 0.154 0.014 0.083
0 0.444 0.135 0.019 0.048
0 0.447 0.138 0.020 0.061
0 0.481 0.124 0.019 0.059
0 0.481 0.124 0.020 0.041
0 0.504 0.134 0.017 0.084
0 0.503 0.121 0.017 0.059
0 0.523 0.140 0.017 0.068
0 0.523 0.135 0.019 0.041
0 0.526 0.182 -0.020 -0.042
0 0.477 0.180 -0.016 -0.047
0 0.487 0.240 -0.020 0.059
0 0.531 0.232 0.024 -0.056
0 0.552 0.226 0.021 0.062
0 0.573 0.235 0.020 0.051
0 0.597 0.235 0.028 0.050
0 0.637 0.232 0.022 0.066
0 0.661 0.228 0.021 0.050
0 0.680 0.233 0.017 0.061
0 0.701 0.248 0.025 0.070
0 0.755 0.251 0.029 0.076
0 0.737 0.184 -0.021 -0.075
0 0.729 0.162 -0.033 -0.071
0 0.732 0.167 -0.022 -0.025
0 0.706 0.173 -0.013 -0.080
0 0.702 0.165 -0.021 -0.062
0 0.704 0.159 -0.017 -0.051
0 0.680 0.163 -0.024 -0.080
0 0.682 0.164 -0.023 -0.061
0 0.658 0.172 -0.026 -0.057
0 0.665 0.175 -0.006 -0.020
0 0.634 0.165 -0.024 -0.042
0 0.632 0.159 -0.018 -0.025
0 0.597 0.166 -0.017 0.071
0 0.598 0.153 -0.017 0.046
0 0.573 0.157 -0.010 0.077
0 0.572 0.146 -0.009 0.050
0 0.572 0.139 -0.008 0.035
0 0.571 0.185 -0.015 -0.034
0 0.598 0.186 -0.016 -0.032
0 0.234 0.228 -0.021 -0.055
0 0.260 0.233 0.024 0.075
0 0.197 0.238 -0.024 0.067
0 0.180 0.237 -0.015 0.066
0 0.154 0.240 -0.017 0.059
0 0.814 0.568 -0.020 0.111
0 0.813 0.552 -0.018 0.055
0 0.790 0.569 -0.030 0.098
0 0.789 0.550 -0.024 0.060
0 0.726 0.555 -0.022 0.091
0 0.725 0.539 -0.022 0.055
0 0.693 0.556 -0.028 0.087
0 0.685 0.543 0.015 0.042
0 0.656 0.556 0.025 0.087
0 0.652 0.546 0.016 0.037
0 0.621 0.538 0.028 0.076
0 0.619 0.523 0.013 0.039
0 0.571 0.549 0.040 0.083
0 0.571 0.547 0.024 0.028
0 0.465 0.548 0.031 0.078
0 0.461 0.535 0.021 0.043
0 0.412 0.561 0.017 0.049
0 0.390 0.554 0.017 0.056
0 0.360 0.533 0.022 0.059
0 0.337 0.537 0.019 0.053
0 0.312 0.559 -0.018 0.081
0 0.312 0.544 -0.018 0.047
0 0.267 0.521 -0.019 0.051
0 0.250 0.531 -0.021 0.061
0 0.231 0.529 -0.015 0.057
0 0.207 0.528 -0.025 0.061
0 0.175 0.509 -0.015 0.055
0 0.155 0.516 -0.018 0.073
0 0.124 0.490 -0.020 0.045
0 0.103 0.485 -0.021 0.050
0 0.100 0.438 -0.024 0.062
0 0.105 0.587 -0.025 0.060
0 0.125 0.582 -0.032 0.065
0 0.148 0.584 -0.023 0.056
0 0.174 0.579 -0.025 0.083
0 0.205 0.599 -0.024 0.067
0 0.230 0.599 -0.025 0.056
0 0.246 0.603 -0.032 0.064
0 0.264 0.596 -0.022 0.060
0 0.310 0.461 -0.030 0.083
0 0.312 0.448 -0.030 0.059
0 0.310 0.451 -0.016 0.033
0 0.337 0.460 -0.016 0.078
0 0.337 0.449 0.017 0.054
0 0.338 0.445 -0.014 0.046
0 0.357 0.456 0.025 0.076
0 0.358 0.446 -0.019 0.062
0 0.356 0.443 0.021 0.046
0 0.386 0.455 0.032 0.085
0 0.387 0.443 -0.025 0.070
0 0.382 0.450 0.026 0.039
0 0.411 0.457 0.019 0.091
0 0.412 0.456 -0.016 0.062
0 0.412 0.448 0.017 0.043
0 0.450 0.480 0.026 0.059
0 0.480 0.492 0.013 0.039
0 0.488 0.484 0.010 0.042
0 0.507 0.490 0.020 0.051
0 0.532 0.466 0.027 -0.083
0 0.535 0.451 -0.021 0.060
0 0.532 0.451 0.016 0.030
0 0.563 0.468 0.031 0.077
0 0.565 0.461 -0.027 -0.064
0 0.566 0.455 -0.022 0.048
0 0.611 0.460 0.033 0.069
0 0.615 0.457 -0.020 0.052
0 0.648 0.452 0.026 0.095
0 0.649 0.451 -0.021 -0.059
0 0.649 0.437 0.022 0.037
0 0.677 0.441 0.028 0.120
0 0.678 0.444 -0.023 0.083
0 0.676 0.433 0.026 0.047
0 0.711 0.445 0.034 0.103
0 0.712 0.422 -0.033 0.028
0 0.713 0.458 -0.031 0.040
0 0.781 0.475 0.016 -0.056
0 0.780 0.427 -0.015 0.038
0 0.782 0.483 0.014 0.043
0 0.803 0.419 0.017 -0.058
0 0.483 0.438 -0.020 0.059
0 0.506 0.437 0.020 0.072
0 0.470 0.433 -0.022 0.059
0 0.458 0.433 -0.024 0.062
