0 0.082 0.197 0.014 0.058
0 0.108 0.203 0.018 0.071
0 0.128 0.214 0.017 0.076
0 0.165 0.206 0.021 0.073
0 0.206 0.185 0.010 0.071
0 0.231 0.184 0.014 0.079
0 0.263 0.172 0.012 0.070
0 0.287 0.183 0.021 0.083
0 0.328 0.218 0.016 0.066
0 0.512 0.190 0.015 0.071
0 0.625 0.199 0.017 0.075
0 0.667 0.200 0.019 0.075
0 0.751 0.233 0.015 0.052
0 0.776 0.197 0.017 0.070
0 0.800 0.215 0.013 0.055
0 0.826 0.181 0.018 0.058
0 0.865 0.222 0.019 0.085
0 0.137 0.353 0.017 0.067
0 0.157 0.344 0.018 0.064
0 0.181 0.321 0.018 0.077
0 0.309 0.359 0.011 0.070
0 0.335 0.331 0.014 0.077
0 0.447 0.376 0.018 0.058
0 0.523 0.374 0.020 0.060
0 0.554 0.363 0.017 0.064
0 0.575 0.357 0.021 0.072
0 0.650 0.352 0.018 0.064
0 0.679 0.334 0.016 0.063
0 0.698 0.315 0.022 0.072
0 0.769 0.381 0.021 0.062
0 0.827 0.365 0.024 0.066
0 0.898 0.353 0.020 0.066
0 0.925 0.344 0.012 0.068
0 0.948 0.330 0.018 0.081
0 0.956 0.232 0.014 0.066
0 0.114 0.523 0.018 0.071
0 0.137 0.513 0.011 0.075
0 0.164 0.519 0.014 0.085
0 0.235 0.513 0.021 0.059
0 0.267 0.510 0.009 0.067
0 0.287 0.486 0.021 0.098
0 0.425 0.386 0.016 0.063
0 0.384 0.529 0.013 0.073
0 0.404 0.528 0.017 0.062
0 0.471 0.491 0.019 0.080
0 0.498 0.491 0.016 0.070
0 0.520 0.488 0.018 0.076
0 0.597 0.517 0.018 0.071
0 0.627 0.509 0.017 0.068
0 0.650 0.510 0.020 0.084
0 0.726 0.492 0.019 0.067
0 0.746 0.490 0.016 0.062
0 0.773 0.473 0.020 0.073
0 0.855 0.527 0.016 0.067
0 0.880 0.524 0.015 0.070
0 0.897 0.483 0.015 0.081
0 0.935 0.675 0.018 0.083
0 0.917 0.679 0.020 0.094
0 0.887 0.637 0.011 0.068
0 0.871 0.633 0.024 0.081
0 0.844 0.661 0.012 0.129
0 0.831 0.658 0.016 0.135
0 0.810 0.692 0.016 0.050
0 0.792 0.665 0.025 0.126
0 0.759 0.665 0.018 0.063
0 0.733 0.679 0.018 0.059
0 0.685 0.674 0.015 0.060
0 0.657 0.685 0.014 0.063
0 0.617 0.691 0.013 0.084
0 0.590 0.654 0.013 0.063
0 0.552 0.680 0.015 0.067
0 0.521 0.693 0.018 0.077
0 0.479 0.692 0.014 0.070
0 0.456 0.653 0.013 0.084
0 0.415 0.649 0.013 0.080
0 0.388 0.658 0.011 0.080
0 0.347 0.668 0.014 0.059
0 0.318 0.673 0.018 0.081
0 0.274 0.660 0.016 0.076
0 0.222 0.677 0.018 0.106
0 0.162 0.675 0.021 0.080
0 0.139 0.663 0.016 0.072
0 0.115 0.667 0.021 0.080
0 0.088 0.868 0.014 0.072
0 0.101 0.854 0.016 0.104
0 0.126 0.821 0.007 0.176
0 0.144 0.819 0.013 0.169
0 0.172 0.810 0.024 0.156
0 0.188 0.803 0.024 0.157
0 0.216 0.847 0.018 0.077
0 0.233 0.843 0.018 0.076
0 0.270 0.838 0.020 0.081
0 0.289 0.835 0.022 0.077
0 0.302 0.805 0.017 0.160
0 0.325 0.802 0.021 0.151
0 0.347 0.776 0.015 0.102
0 0.369 0.784 0.019 0.088
0 0.393 0.828 0.018 0.094
0 0.411 0.825 0.018 0.094
0 0.453 0.826 0.026 0.093
0 0.481 0.847 0.022 0.089
0 0.500 0.805 0.024 0.071
0 0.521 0.803 0.018 0.063
0 0.546 0.824 0.022 0.138
0 0.570 0.809 0.028 0.169
0 0.588 0.856 0.026 0.077
0 0.604 0.849 0.014 0.084
