0 0.172 0.138 0.017 0.082
0 0.189 0.145 0.011 0.081
0 0.203 0.142 0.016 0.092
0 0.225 0.151 0.017 0.087
0 0.240 0.151 0.013 0.081
0 0.274 0.164 0.019 0.067
0 0.289 0.156 0.014 0.078
0 0.303 0.152 0.010 0.083
0 0.319 0.140 0.018 0.089
0 0.363 0.139 0.010 0.096
0 0.373 0.138 0.011 0.082
0 0.387 0.141 0.016 0.099
0 0.405 0.155 0.014 0.089
0 0.419 0.152 0.014 0.076
0 0.174 0.817 0.017 0.099
0 0.192 0.824 0.017 0.081
0 0.208 0.810 0.017 0.086
0 0.236 0.814 0.016 0.121
0 0.251 0.812 0.015 0.107
0 0.287 0.809 0.023 0.099
0 0.304 0.822 0.012 0.083
0 0.320 0.818 0.018 0.073
0 0.346 0.820 0.016 0.108
0 0.365 0.817 0.018 0.086
0 0.459 0.808 0.026 0.092
0 0.498 0.878 0.021 0.095
0 0.512 0.867 0.017 0.090
0 0.525 0.859 0.020 0.091
0 0.538 0.851 0.020 0.093
0 0.553 0.842 0.025 0.086
0 0.568 0.840 0.018 0.087
0 0.585 0.832 0.022 0.080
0 0.597 0.827 0.020 0.084
0 0.615 0.819 0.022 0.082
0 0.630 0.811 0.022 0.080
0 0.671 0.814 0.029 0.078
0 0.829 0.684 0.023 0.109
0 0.810 0.693 0.020 0.100
0 0.784 0.688 0.018 0.075
0 0.766 0.689 0.016 0.080
0 0.752 0.698 0.020 0.092
0 0.708 0.691 0.018 0.084
0 0.691 0.698 0.019 0.089
0 0.667 0.684 0.023 0.084
0 0.546 0.691 0.020 0.085
0 0.528 0.689 0.015 0.073
0 0.513 0.699 0.018 0.091
0 0.496 0.697 0.021 0.101
0 0.472 0.684 0.025 0.081
0 0.446 0.688 0.024 0.086
0 0.420 0.673 0.022 0.074
0 0.401 0.677 0.015 0.075
0 0.386 0.680 0.016 0.067
0 0.368 0.688 0.022 0.081
0 0.277 0.702 0.021 0.098
0 0.244 0.704 0.024 0.054
0 0.223 0.730 0.014 0.064
0 0.214 0.737 0.011 0.045
0 0.197 0.731 0.013 0.070
0 0.186 0.729 0.009 0.081
0 0.168 0.735 0.016 0.075
0 0.155 0.737 0.016 0.080
0 0.826 0.593 0.021 0.061
0 0.812 0.583 0.010 0.063
0 0.801 0.591 0.012 0.070
0 0.790 0.582 0.018 0.090
0 0.779 0.587 0.018 0.092
0 0.746 0.572 0.017 0.074
0 0.736 0.575 0.012 0.068
0 0.724 0.569 0.012 0.086
0 0.715 0.571 0.014 0.091
0 0.682 0.556 0.016 0.081
0 0.669 0.560 0.010 0.075
0 0.655 0.558 0.013 0.076
0 0.639 0.561 0.017 0.077
0 0.583 0.563 0.013 0.082
0 0.537 0.557 0.024 0.091
0 0.495 0.555 0.011 0.076
0 0.482 0.558 0.014 0.062
0 0.467 0.566 0.012 0.077
0 0.456 0.568 0.010 0.080
0 0.446 0.566 0.011 0.085
0 0.403 0.568 0.012 0.076
0 0.391 0.576 0.018 0.076
0 0.370 0.574 0.010 0.065
0 0.357 0.576 0.013 0.057
0 0.341 0.555 0.020 0.099
0 0.308 0.552 0.010 0.070
0 0.297 0.559 0.012 0.070
0 0.279 0.563 0.011 0.075
0 0.268 0.562 0.010 0.066
0 0.256 0.560 0.014 0.080
0 0.218 0.571 0.014 0.089
0 0.201 0.580 0.017 0.078
0 0.182 0.577 0.019 0.077
0 0.202 0.450 0.029 0.076
0 0.158 0.439 0.020 0.086
0 0.244 0.422 0.021 0.065
0 0.164 0.284 0.014 0.093
0 0.177 0.283 0.013 0.083
0 0.190 0.282 0.015 0.080
0 0.207 0.285 0.016 0.098
0 0.222 0.290 0.014 0.085
0 0.251 0.294 0.014 0.104
0 0.266 0.309 0.014 0.077
0 0.360 0.296 0.020 0.074
0 0.375 0.289 0.011 0.070
0 0.404 0.321 0.016 0.057
0 0.416 0.308 0.016 0.068
0 0.429 0.294 0.014 0.085
0 0.550 0.253 0.021 0.076
0 0.598 0.270 0.023 0.092
0 0.746 0.289 0.021 0.063
0 0.767 0.291 0.017 0.064
0 0.783 0.293 0.016 0.071
0 0.825 0.310 0.015 0.077
0 0.840 0.306 0.011 0.087
0 0.850 0.315 0.010 0.083
0 0.861 0.313 0.010 0.074
0 0.873 0.312 0.014 0.067
0 0.454 0.158 0.021 0.071
0 0.478 0.157 0.025 0.085
0 0.540 0.109 0.023 0.100
0 0.554 0.113 0.018 0.085
0 0.570 0.113 0.021 0.084
0 0.588 0.128 0.019 0.083
0 0.600 0.109 0.018 0.098
0 0.646 0.115 0.025 0.085
0 0.664 0.104 0.022 0.084
0 0.682 0.099 0.022 0.074
0 0.701 0.107 0.022 0.093
0 0.734 0.109 0.022 0.089
0 0.753 0.121 0.016 0.076
0 0.769 0.121 0.020 0.081
0 0.786 0.131 0.019 0.071
0 0.800 0.118 0.018 0.084
0 0.827 0.139 0.020 0.076
0 0.850 0.143 0.028 0.078
0 0.456 0.459 0.018 0.080
0 0.475 0.456 0.020 0.074
0 0.494 0.455 0.024 0.085
0 0.557 0.440 0.024 0.084
0 0.589 0.441 0.012 0.074
0 0.602 0.445 0.013 0.082
0 0.616 0.445 0.011 0.089
0 0.628 0.436 0.015 0.086
0 0.648 0.432 0.017 0.075
0 0.664 0.436 0.015 0.080
0 0.730 0.441 0.025 0.083
0 0.756 0.403 0.017 0.077
0 0.620 0.706 0.022 0.075
