0 0.177 0.799 0.032 0.160
0 0.152 0.847 0.021 0.080
0 0.124 0.824 0.030 0.123
0 0.099 0.807 0.020 0.188
0 0.080 0.824 0.021 0.197
0 0.056 0.793 0.023 0.240
0 0.066 0.631 0.028 0.137
0 0.099 0.626 0.028 0.155
0 0.130 0.631 0.017 0.121
0 0.145 0.633 0.017 0.100
0 0.932 0.561 0.022 0.135
0 0.913 0.573 0.020 0.109
0 0.892 0.578 0.022 0.117
0 0.877 0.590 0.018 0.132
0 0.859 0.600 0.021 0.108
0 0.841 0.617 0.018 0.103
0 0.808 0.560 0.024 0.114
0 0.792 0.572 0.019 0.114
0 0.776 0.573 0.024 0.129
0 0.762 0.596 0.023 0.126
0 0.745 0.609 0.019 0.120
0 0.729 0.618 0.022 0.117
0 0.682 0.586 -0.016 0.126
0 0.662 0.597 -0.022 0.183
0 0.642 0.570 -0.013 0.126
0 0.620 0.555 -0.013 0.080
0 0.601 0.563 -0.010 0.086
0 0.586 0.550 -0.016 0.071
0 0.553 0.601 -0.015 0.108
0 0.538 0.613 -0.013 0.095
0 0.522 0.623 -0.018 0.111
0 0.502 0.586 -0.017 0.098
0 0.483 0.613 -0.020 0.100
0 0.466 0.618 -0.010 0.074
0 0.421 0.584 -0.017 0.120
0 0.398 0.613 -0.028 0.169
0 0.373 0.578 -0.018 0.095
0 0.359 0.566 -0.010 0.068
0 0.345 0.573 -0.014 0.072
0 0.330 0.562 -0.017 0.054
0 0.286 0.599 -0.018 0.094
0 0.263 0.620 -0.013 0.098
0 0.246 0.631 -0.020 0.109
0 0.226 0.584 -0.017 0.105
0 0.209 0.585 -0.017 0.094
0 0.191 0.596 -0.019 0.097
0 0.079 0.263 0.022 0.117
0 0.095 0.238 0.012 0.075
0 0.115 0.232 0.018 0.089
0 0.137 0.241 0.022 0.125
0 0.153 0.229 0.013 0.111
0 0.168 0.221 0.019 0.086
0 0.203 0.235 0.021 0.141
0 0.220 0.241 0.018 0.121
0 0.237 0.255 0.014 0.117
0 0.252 0.264 0.018 0.112
0 0.264 0.263 0.017 0.123
0 0.280 0.277 0.015 0.078
0 0.316 0.274 0.022 0.083
0 0.328 0.251 0.022 0.106
0 0.347 0.234 0.020 0.152
0 0.366 0.239 0.025 0.091
0 0.382 0.247 0.016 0.081
0 0.400 0.228 0.020 0.106
0 0.398 0.393 0.015 0.109
0 0.381 0.406 0.020 0.105
0 0.372 0.423 0.014 0.108
0 0.359 0.429 0.014 0.111
0 0.338 0.446 0.019 0.080
0 0.322 0.469 0.017 0.095
0 0.288 0.448 0.028 0.112
0 0.271 0.460 0.020 0.098
0 0.254 0.441 0.014 0.080
0 0.240 0.437 0.022 0.095
0 0.225 0.432 0.022 0.114
0 0.211 0.429 0.024 0.132
0 0.172 0.403 0.022 0.083
0 0.157 0.417 0.018 0.098
0 0.139 0.420 0.017 0.106
0 0.120 0.413 0.018 0.106
0 0.093 0.431 0.013 0.081
0 0.080 0.447 0.020 0.083
0 0.442 0.478 0.017 0.089
0 0.458 0.420 0.022 0.154
0 0.481 0.414 0.022 0.120
0 0.496 0.410 0.017 0.092
0 0.516 0.395 0.016 0.089
0 0.571 0.453 0.016 0.081
0 0.582 0.438 0.016 0.105
0 0.598 0.426 0.018 0.105
0 0.618 0.408 0.023 0.118
0 0.635 0.404 0.020 0.109
0 0.651 0.409 0.016 0.086
0 0.689 0.446 0.027 0.169
0 0.707 0.450 0.023 0.117
0 0.723 0.480 0.014 0.074
0 0.746 0.427 0.025 0.146
0 0.764 0.408 0.026 0.146
0 0.780 0.419 0.021 0.137
0 0.825 0.448 0.024 0.146
0 0.840 0.447 0.020 0.126
0 0.855 0.458 0.018 0.117
0 0.873 0.457 0.021 0.112
0 0.892 0.454 0.017 0.097
0 0.919 0.453 0.016 0.081
0 0.911 0.282 0.017 0.106
0 0.934 0.261 0.024 0.145
0 0.958 0.290 0.025 0.103
0 0.885 0.264 0.024 0.083
0 0.871 0.271 0.020 0.092
0 0.852 0.268 0.014 0.112
0 0.836 0.271 0.028 0.125
0 0.807 0.240 0.013 0.071
0 0.794 0.262 0.014 0.072
0 0.777 0.266 0.022 0.089
0 0.744 0.275 0.013 0.083
0 0.732 0.275 0.014 0.092
0 0.717 0.259 0.015 0.094
0 0.701 0.248 0.013 0.094
0 0.689 0.251 0.011 0.101
0 0.674 0.234 0.021 0.114
0 0.632 0.214 0.022 0.094
0 0.615 0.233 0.014 0.097
0 0.598 0.237 0.018 0.111
0 0.572 0.228 0.021 0.103
0 0.553 0.234 0.018 0.100
0 0.531 0.258 0.027 0.141
0 0.493 0.194 0.025 0.089
0 0.489 0.264 0.017 0.058
