['x', 'y', 'a', 'b']
[192, 264, 269, 429]
[230, 264, 307, 430]
[268, 264, 345, 430]
[306, 264, 383, 430]
[344, 264, 421, 430]
[382, 264, 459, 430]
[420, 264, 497, 430]
[458, 264, 535, 430]
[496, 264, 573, 430]
[534, 264, 611, 430]
[572, 264, 649, 430]
[610, 264, 687, 430]
[648, 264, 725, 430]
[686, 264, 763, 431]
[724, 264, 801, 431]
[762, 264, 839, 431]
[800, 264, 877, 431]
[838, 264, 915, 431]
[876, 265, 953, 431]
[914, 265, 991, 431]
[952, 265, 1029, 431]
[990, 265, 1067, 431]
[1028, 265, 1105, 431]
[1066, 265, 1143, 431]
[1104, 265, 1181, 431]
[1142, 265, 1219, 431]
[1180, 265, 1257, 431]
[1218, 265, 1295, 431]
[1256, 265, 1333, 431]
[1294, 265, 1371, 431]
[1332, 265, 1409, 431]
[1370, 265, 1447, 431]
[1408, 265, 1485, 431]
[1446, 265, 1523, 431]
[1484, 265, 1561, 431]
[1522, 265, 1599, 431]
[1560, 265, 1637, 431]
[1598, 265, 1675, 431]
[1636, 265, 1713, 431]
[1674, 265, 1751, 431]
[1712, 265, 1789, 431]
[1750, 265, 1827, 431]
[1788, 265, 1865, 431]
[1826, 265, 1903, 431]
[1864, 265, 1941, 433]
[1902, 265, 1979, 433]
[1940, 265, 2017, 433]
[1978, 265, 2055, 433]
[2016, 265, 2093, 433]
[2054, 265, 2131, 433]
[2092, 265, 2169, 431]
[2130, 265, 2207, 433]
[2168, 265, 2245, 433]
[2206, 265, 2283, 433]
[2244, 265, 2321, 433]
[2282, 267, 2359, 433]
[2320, 267, 2397, 433]
[2358, 265, 2435, 434]
[2396, 265, 2473, 434]
[2434, 267, 2511, 434]
[2472, 267, 2549, 434]
[2510, 267, 2587, 434]
[2548, 268, 2625, 435]
[2586, 268, 2663, 435]
[2624, 268, 2701, 435]
[2662, 268, 2739, 435]
[2700, 268, 2777, 436]
[2738, 269, 2815, 436]
[2776, 269, 2853, 438]
[2814, 269, 2891, 438]
[2852, 270, 2929, 438]
[2890, 270, 2967, 439]
[2928, 272, 3005, 439]
[2966, 273, 3043, 440]
[3004, 273, 3081, 440]
[3042, 274, 3119, 441]
[3080, 276, 3157, 441]
[3118, 277, 3195, 443]
[3156, 278, 3233, 444]
[3194, 279, 3271, 445]
[3232, 281, 3309, 446]
[3270, 283, 3347, 449]
[3308, 284, 3385, 450]
[3346, 287, 3423, 454]
[3384, 289, 3461, 454]
[3422, 293, 3499, 454]
[192, 478, 269, 644]
[230, 478, 307, 644]
[268, 478, 345, 644]
[306, 478, 383, 644]
[344, 477, 421, 644]
[382, 477, 459, 645]
[420, 478, 497, 645]
[458, 478, 535, 645]
[496, 478, 573, 645]
[534, 478, 611, 645]
[572, 478, 649, 645]
[610, 478, 687, 645]
[648, 479, 725, 645]
[686, 479, 763, 645]
[724, 478, 801, 645]
[762, 478, 839, 645]
[800, 478, 877, 646]
[838, 479, 915, 646]
[876, 479, 953, 646]
[914, 479, 991, 646]
[952, 479, 1029, 646]
[990, 479, 1067, 648]
[1028, 480, 1105, 648]
[1066, 480, 1143, 648]
[1104, 480, 1181, 648]
[1142, 480, 1219, 648]
[1180, 480, 1257, 649]
[1218, 480, 1295, 649]
[1256, 480, 1333, 649]
[1294, 480, 1371, 649]
[1332, 480, 1409, 649]
[1370, 480, 1447, 649]
[1408, 480, 1485, 648]
[1446, 480, 1523, 648]
[1484, 480, 1561, 649]
[1522, 480, 1599, 649]
[1560, 482, 1637, 649]
[1598, 482, 1675, 649]
[1636, 480, 1713, 649]
[1674, 480, 1751, 649]
[1712, 480, 1789, 650]
[1750, 482, 1827, 650]
[1788, 482, 1865, 650]
[1826, 482, 1903, 650]
[1864, 482, 1941, 650]
[1902, 482, 1979, 650]
[1940, 482, 2017, 650]
[1978, 482, 2055, 650]
[2016, 482, 2093, 650]
[2054, 482, 2131, 650]
[2092, 482, 2169, 650]
[2130, 482, 2207, 650]
[2168, 482, 2245, 651]
[2206, 482, 2283, 651]
[2244, 483, 2321, 651]
[2282, 483, 2359, 651]
[2320, 483, 2397, 651]
[2358, 483, 2435, 653]
[2396, 483, 2473, 653]
[2434, 483, 2511, 653]
[2472, 483, 2549, 653]
[2510, 483, 2587, 654]
[2548, 484, 2625, 654]
[2586, 484, 2663, 654]
[2624, 484, 2701, 654]
[2662, 484, 2739, 654]
[2700, 484, 2777, 654]
[2738, 483, 2815, 654]
[2776, 483, 2853, 654]
[2814, 485, 2891, 654]
[2852, 487, 2929, 655]
[2890, 487, 2967, 655]
[2928, 487, 3005, 655]
[2966, 487, 3043, 655]
[3004, 487, 3081, 655]
[3042, 488, 3119, 655]
[3080, 488, 3157, 655]
[3118, 489, 3195, 655]
[3156, 489, 3233, 656]
[3194, 489, 3271, 656]
[3232, 491, 3309, 656]
[3270, 492, 3347, 658]
[3308, 492, 3385, 658]
[3346, 493, 3423, 659]
[3384, 494, 3461, 659]
[3422, 497, 3499, 659]
[192, 690, 269, 856]
[230, 690, 307, 856]
[268, 690, 345, 856]
[306, 692, 383, 858]
[344, 692, 421, 858]
[382, 692, 459, 858]
[420, 692, 497, 858]
[458, 692, 535, 858]
[496, 692, 573, 859]
[534, 692, 611, 859]
[572, 692, 649, 859]
[610, 692, 687, 859]
[648, 693, 725, 860]
[686, 693, 763, 860]
[724, 693, 801, 860]
[762, 693, 839, 860]
[800, 693, 877, 860]
[838, 693, 915, 860]
[876, 694, 953, 860]
[914, 694, 991, 861]
[952, 694, 1029, 861]
[990, 694, 1067, 861]
[1028, 695, 1105, 861]
[1066, 694, 1143, 861]
[1104, 694, 1181, 861]
[1142, 695, 1219, 863]
[1180, 695, 1257, 863]
[1218, 695, 1295, 863]
[1256, 697, 1333, 863]
[1294, 697, 1371, 864]
[1332, 697, 1409, 864]
[1370, 697, 1447, 865]
[1408, 697, 1485, 865]
[1446, 697, 1523, 865]
[1484, 697, 1561, 865]
[1522, 697, 1599, 865]
[1560, 698, 1637, 865]
[1598, 698, 1675, 866]
[1636, 698, 1713, 866]
[1674, 698, 1751, 866]
[1712, 698, 1789, 866]
[1750, 699, 1827, 868]
[1788, 699, 1865, 868]
[1826, 699, 1903, 869]
[1864, 699, 1941, 869]
[1902, 699, 1979, 869]
[1940, 699, 2017, 869]
[1978, 700, 2055, 869]
[2016, 700, 2093, 869]
[2054, 700, 2131, 870]
[2092, 700, 2169, 870]
[2130, 700, 2207, 870]
[2168, 700, 2245, 870]
[2206, 702, 2283, 870]
[2244, 702, 2321, 871]
[2282, 702, 2359, 871]
[2320, 702, 2397, 871]
[2358, 702, 2435, 871]
[2396, 703, 2473, 871]
[2434, 703, 2511, 871]
[2472, 703, 2549, 873]
[2510, 703, 2587, 873]
[2548, 703, 2625, 873]
[2586, 703, 2663, 873]
[2624, 703, 2701, 873]
[2662, 703, 2739, 873]
[2700, 703, 2777, 873]
[2738, 703, 2815, 873]
[2776, 703, 2853, 873]
[2814, 704, 2891, 873]
[2852, 703, 2929, 873]
[2890, 703, 2967, 873]
[2928, 703, 3005, 873]
[2966, 703, 3043, 873]
[3004, 703, 3081, 871]
[3042, 703, 3119, 871]
[3080, 703, 3157, 871]
[3118, 703, 3195, 871]
[3156, 703, 3233, 870]
[3194, 703, 3271, 870]
[3232, 703, 3309, 869]
[3270, 703, 3347, 869]
[3308, 703, 3385, 869]
[3346, 702, 3423, 868]
[3384, 702, 3461, 868]
[3422, 703, 3499, 866]
[192, 900, 269, 1064]
[230, 900, 307, 1064]
[268, 902, 345, 1065]
[306, 902, 383, 1065]
[344, 902, 421, 1066]
[382, 902, 459, 1066]
[420, 902, 497, 1066]
[458, 903, 535, 1066]
[496, 903, 573, 1068]
[534, 904, 611, 1069]
[572, 904, 649, 1069]
[610, 904, 687, 1070]
[648, 904, 725, 1070]
[686, 905, 763, 1071]
[724, 905, 801, 1071]
[762, 905, 839, 1071]
[800, 907, 877, 1073]
[838, 907, 915, 1074]
[876, 908, 953, 1074]
[914, 908, 991, 1075]
[952, 908, 1029, 1075]
[990, 908, 1067, 1075]
[1028, 909, 1105, 1075]
[1066, 909, 1143, 1076]
[1104, 910, 1181, 1078]
[1142, 910, 1219, 1078]
[1180, 910, 1257, 1078]
[1218, 910, 1295, 1078]
[1256, 910, 1333, 1079]
[1294, 910, 1371, 1080]
[1332, 912, 1409, 1080]
[1370, 913, 1447, 1080]
[1408, 913, 1485, 1080]
[1446, 913, 1523, 1081]
[1484, 913, 1561, 1081]
[1522, 914, 1599, 1083]
[1560, 914, 1637, 1083]
[1598, 914, 1675, 1083]
[1636, 915, 1713, 1084]
[1674, 915, 1751, 1084]
[1712, 917, 1789, 1084]
[1750, 917, 1827, 1085]
[1788, 917, 1865, 1085]
[1826, 917, 1903, 1086]
[1864, 917, 1941, 1086]
[1902, 918, 1979, 1086]
[1940, 918, 2017, 1086]
[1978, 919, 2055, 1088]
[2016, 919, 2093, 1088]
[2054, 919, 2131, 1089]
[2092, 919, 2169, 1089]
[2130, 921, 2207, 1089]
[2168, 921, 2245, 1089]
[2206, 921, 2283, 1090]
[2244, 922, 2321, 1090]
[2282, 922, 2359, 1090]
[2320, 922, 2397, 1090]
[2358, 923, 2435, 1090]
[2396, 923, 2473, 1091]
[2434, 923, 2511, 1091]
[2472, 923, 2549, 1091]
[2510, 923, 2587, 1091]
[2548, 923, 2625, 1091]
[2586, 923, 2663, 1091]
[2624, 923, 2701, 1091]
[2662, 923, 2739, 1091]
[2700, 923, 2777, 1091]
[2738, 923, 2815, 1090]
[2776, 923, 2853, 1090]
[2814, 922, 2891, 1090]
[2852, 922, 2929, 1089]
[2890, 921, 2967, 1089]
[2928, 921, 3005, 1089]
[2966, 921, 3043, 1088]
[3004, 919, 3081, 1088]
[3042, 919, 3119, 1086]
[3080, 918, 3157, 1085]
[3118, 917, 3195, 1085]
[3156, 917, 3233, 1084]
[3194, 915, 3271, 1083]
[3232, 913, 3309, 1081]
[3270, 913, 3347, 1079]
[3308, 910, 3385, 1078]
[3346, 909, 3423, 1075]
[3384, 909, 3461, 1074]
[3422, 909, 3499, 1071]