['x', 'y', 'a', 'b']
[202, 275, 312.0, 452]
[312.0, 275, 422, 452]
[312, 275, 422.0, 448]
[422.0, 275, 532, 448]
[422, 275, 532.0, 448]
[532.0, 275, 642, 448]
[532, 275, 642.0, 448]
[642.0, 275, 752, 448]
[642, 276, 752.0, 450]
[752.0, 276, 862, 450]
[752, 278, 862.0, 452]
[862.0, 278, 972, 452]
[862, 280, 972.0, 452]
[972.0, 280, 1082, 452]
[972, 280, 1082.0, 452]
[1082.0, 280, 1192, 452]
[1082, 278, 1192.0, 452]
[1192.0, 278, 1302, 452]
[1192, 278, 1302.0, 450]
[1302.0, 278, 1412, 450]
[1302, 278, 1412.0, 450]
[1412.0, 278, 1522, 450]
[1412, 278, 1522.0, 450]
[1522.0, 278, 1632, 450]
[1522, 278, 1632.0, 450]
[1632.0, 278, 1742, 450]
[1632, 280, 1742.0, 452]
[1742.0, 280, 1852, 452]
[1742, 283, 1852.0, 453]
[1852.0, 283, 1962, 453]
[1852, 285, 1962.0, 455]
[1962.0, 285, 2072, 455]
[1962, 285, 2072.0, 457]
[2072.0, 285, 2182, 457]
[2072, 285, 2182.0, 457]
[2182.0, 285, 2292, 457]
[2182, 283, 2292.0, 457]
[2292.0, 283, 2402, 457]
[2292, 283, 2402.0, 455]
[2402.0, 283, 2512, 455]
[2402, 283, 2512.0, 455]
[2512.0, 283, 2622, 455]
[2512, 283, 2622.0, 453]
[2622.0, 283, 2732, 453]
[2622, 285, 2732.0, 453]
[2732.0, 285, 2842, 453]
[2732, 285, 2842.0, 455]
[2842.0, 285, 2952, 455]
[2842, 289, 2952.0, 457]
[2952.0, 289, 3062, 457]
[2952, 291, 3062.0, 459]
[3062.0, 291, 3172, 459]
[3062, 292, 3172.0, 459]
[3172.0, 292, 3282, 459]
[3172, 294, 3282.0, 462]
[3282.0, 294, 3392, 462]
[3282, 298, 3392.0, 462]
[3392.0, 298, 3502, 462]
[202, 502, 312.0, 677]
[312.0, 502, 422, 677]
[312, 502, 422.0, 675]
[422.0, 502, 532, 675]
[422, 502, 532.0, 675]
[532.0, 502, 642, 675]
[532, 502, 642.0, 675]
[642.0, 502, 752, 675]
[642, 502, 752.0, 675]
[752.0, 502, 862, 675]
[752, 504, 862.0, 675]
[862.0, 504, 972, 675]
[862, 504, 972.0, 675]
[972.0, 504, 1082, 675]
[972, 504, 1082.0, 675]
[1082.0, 504, 1192, 675]
[1082, 502, 1192.0, 675]
[1192.0, 502, 1302, 675]
[1192, 502, 1302.0, 675]
[1302.0, 502, 1412, 675]
[1302, 500, 1412.0, 674]
[1412.0, 500, 1522, 674]
[1412, 500, 1522.0, 674]
[1522.0, 500, 1632, 674]
[1522, 500, 1632.0, 674]
[1632.0, 500, 1742, 674]
[1632, 500, 1742.0, 674]
[1742.0, 500, 1852, 674]
[1742, 500, 1852.0, 674]
[1852.0, 500, 1962, 674]
[1852, 502, 1962.0, 674]
[1962.0, 502, 2072, 674]
[1962, 504, 2072.0, 674]
[2072.0, 504, 2182, 674]
[2072, 504, 2182.0, 674]
[2182.0, 504, 2292, 674]
[2182, 505, 2292.0, 675]
[2292.0, 505, 2402, 675]
[2292, 505, 2402.0, 675]
[2402.0, 505, 2512, 675]
[2402, 505, 2512.0, 675]
[2512.0, 505, 2622, 675]
[2512, 504, 2622.0, 675]
[2622.0, 504, 2732, 675]
[2622, 504, 2732.0, 674]
[2732.0, 504, 2842, 674]
[2732, 502, 2842.0, 674]
[2842.0, 502, 2952, 674]
[2842, 502, 2952.0, 674]
[2952.0, 502, 3062, 674]
[2952, 502, 3062.0, 672]
[3062.0, 502, 3172, 672]
[3062, 504, 3172.0, 672]
[3172.0, 504, 3282, 672]
[3172, 505, 3282.0, 674]
[3282.0, 505, 3392, 674]
[3282, 507, 3392.0, 674]
[3392.0, 507, 3502, 674]
[202, 729, 312.0, 904]
[312.0, 729, 422, 904]
[312, 729, 422.0, 904]
[422.0, 729, 532, 904]
[422, 727, 532.0, 903]
[532.0, 727, 642, 903]
[532, 727, 642.0, 903]
[642.0, 727, 752, 903]
[642, 727, 752.0, 903]
[752.0, 727, 862, 903]
[752, 727, 862.0, 901]
[862.0, 727, 972, 901]
[862, 727, 972.0, 901]
[972.0, 727, 1082, 901]
[972, 726, 1082.0, 901]
[1082.0, 726, 1192, 901]
[1082, 726, 1192.0, 899]
[1192.0, 726, 1302, 899]
[1192, 726, 1302.0, 899]
[1302.0, 726, 1412, 899]
[1302, 726, 1412.0, 899]
[1412.0, 726, 1522, 899]
[1412, 724, 1522.0, 897]
[1522.0, 724, 1632, 897]
[1522, 724, 1632.0, 897]
[1632.0, 724, 1742, 897]
[1632, 724, 1742.0, 897]
[1742.0, 724, 1852, 897]
[1742, 724, 1852.0, 895]
[1852.0, 724, 1962, 895]
[1852, 724, 1962.0, 895]
[1962.0, 724, 2072, 895]
[1962, 724, 2072.0, 895]
[2072.0, 724, 2182, 895]
[2072, 724, 2182.0, 894]
[2182.0, 724, 2292, 894]
[2182, 724, 2292.0, 894]
[2292.0, 724, 2402, 894]
[2292, 724, 2402.0, 894]
[2402.0, 724, 2512, 894]
[2402, 722, 2512.0, 892]
[2512.0, 722, 2622, 892]
[2512, 722, 2622.0, 892]
[2622.0, 722, 2732, 892]
[2622, 722, 2732.0, 892]
[2732.0, 722, 2842, 892]
[2732, 722, 2842.0, 890]
[2842.0, 722, 2952, 890]
[2842, 720, 2952.0, 890]
[2952.0, 720, 3062, 890]
[2952, 720, 3062.0, 888]
[3062.0, 720, 3172, 888]
[3062, 720, 3172.0, 888]
[3172.0, 720, 3282, 888]
[3172, 720, 3282.0, 888]
[3282.0, 720, 3392, 888]
[3282, 720, 3392.0, 887]
[3392.0, 720, 3502, 887]
[202, 958, 312.0, 1132]
[312.0, 958, 422, 1132]
[312, 956, 422.0, 1130]
[422.0, 956, 532, 1130]
[422, 956, 532.0, 1130]
[532.0, 956, 642, 1130]
[532, 954, 642.0, 1128]
[642.0, 954, 752, 1128]
[642, 954, 752.0, 1126]
[752.0, 954, 862, 1126]
[752, 953, 862.0, 1124]
[862.0, 953, 972, 1124]
[862, 953, 972.0, 1124]
[972.0, 953, 1082, 1124]
[972, 951, 1082.0, 1123]
[1082.0, 951, 1192, 1123]
[1082, 951, 1192.0, 1121]
[1192.0, 951, 1302, 1121]
[1192, 949, 1302.0, 1121]
[1302.0, 949, 1412, 1121]
[1302, 949, 1412.0, 1121]
[1412.0, 949, 1522, 1121]
[1412, 947, 1522.0, 1119]
[1522.0, 947, 1632, 1119]
[1522, 946, 1632.0, 1117]
[1632.0, 946, 1742, 1117]
[1632, 946, 1742.0, 1117]
[1742.0, 946, 1852, 1117]
[1742, 946, 1852.0, 1116]
[1852.0, 946, 1962, 1116]
[1852, 944, 1962.0, 1114]
[1962.0, 944, 2072, 1114]
[1962, 942, 2072.0, 1112]
[2072.0, 942, 2182, 1112]
[2072, 942, 2182.0, 1112]
[2182.0, 942, 2292, 1112]
[2182, 942, 2292.0, 1112]
[2292.0, 942, 2402, 1112]
[2292, 940, 2402.0, 1110]
[2402.0, 940, 2512, 1110]
[2402, 940, 2512.0, 1109]
[2512.0, 940, 2622, 1109]
[2512, 940, 2622.0, 1107]
[2622.0, 940, 2732, 1107]
[2622, 939, 2732.0, 1107]
[2732.0, 939, 2842, 1107]
[2732, 937, 2842.0, 1105]
[2842.0, 937, 2952, 1105]
[2842, 937, 2952.0, 1103]
[2952.0, 937, 3062, 1103]
[2952, 937, 3062.0, 1103]
[3062.0, 937, 3172, 1103]
[3062, 935, 3172.0, 1103]
[3172.0, 935, 3282, 1103]
[3172, 935, 3282.0, 1102]
[3282.0, 935, 3392, 1102]
[3282, 935, 3392.0, 1102]
[3392.0, 935, 3502, 1102]
[202, 1182, 312.0, 1357]
[312.0, 1182, 422, 1357]
[312, 1180, 422.0, 1357]
[422.0, 1180, 532, 1357]
[422, 1180, 532.0, 1357]
[532.0, 1180, 642, 1357]
[532, 1178, 642.0, 1355]
[642.0, 1178, 752, 1355]
[642, 1176, 752.0, 1352]
[752.0, 1176, 862, 1352]
[752, 1176, 862.0, 1352]
[862.0, 1176, 972, 1352]
[862, 1175, 972.0, 1348]
[972.0, 1175, 1082, 1348]
[972, 1173, 1082.0, 1348]
[1082.0, 1173, 1192, 1348]
[1082, 1173, 1192.0, 1345]
[1192.0, 1173, 1302, 1345]
[1192, 1171, 1302.0, 1343]
[1302.0, 1171, 1412, 1343]
[1302, 1169, 1412.0, 1341]
[1412.0, 1169, 1522, 1341]
[1412, 1168, 1522.0, 1341]
[1522.0, 1168, 1632, 1341]
[1522, 1168, 1632.0, 1339]
[1632.0, 1168, 1742, 1339]
[1632, 1166, 1742.0, 1338]
[1742.0, 1166, 1852, 1338]
[1742, 1164, 1852.0, 1336]
[1852.0, 1164, 1962, 1336]
[1852, 1162, 1962.0, 1334]
[1962.0, 1162, 2072, 1334]
[1962, 1162, 2072.0, 1332]
[2072.0, 1162, 2182, 1332]
[2072, 1161, 2182.0, 1331]
[2182.0, 1161, 2292, 1331]
[2182, 1159, 2292.0, 1329]
[2292.0, 1159, 2402, 1329]
[2292, 1157, 2402.0, 1329]
[2402.0, 1157, 2512, 1329]
[2402, 1155, 2512.0, 1327]
[2512.0, 1155, 2622, 1327]
[2512, 1154, 2622.0, 1325]
[2622.0, 1154, 2732, 1325]
[2622, 1154, 2732.0, 1323]
[2732.0, 1154, 2842, 1323]
[2732, 1152, 2842.0, 1323]
[2842.0, 1152, 2952, 1323]
[2842, 1152, 2952.0, 1322]
[2952.0, 1152, 3062, 1322]
[2952, 1150, 3062.0, 1322]
[3062.0, 1150, 3172, 1322]
[3062, 1150, 3172.0, 1320]
[3172.0, 1150, 3282, 1320]
[3172, 1148, 3282.0, 1318]
[3282.0, 1148, 3392, 1318]
[3282, 1148, 3392.0, 1316]
[3392.0, 1148, 3502, 1316]
[202, 1409, 312.0, 1586]
[312.0, 1409, 422, 1586]
[312, 1411, 422.0, 1586]
[422.0, 1411, 532, 1586]
[422, 1411, 532.0, 1584]
[532.0, 1411, 642, 1584]
[532, 1407, 642.0, 1584]
[642.0, 1407, 752, 1584]
[642, 1405, 752.0, 1582]
[752.0, 1405, 862, 1582]
[752, 1404, 862.0, 1581]
[862.0, 1404, 972, 1581]
[862, 1402, 972.0, 1579]
[972.0, 1402, 1082, 1579]
[972, 1400, 1082.0, 1577]
[1082.0, 1400, 1192, 1577]
[1082, 1398, 1192.0, 1575]
[1192.0, 1398, 1302, 1575]
[1192, 1397, 1302.0, 1574]
[1302.0, 1397, 1412, 1574]
[1302, 1395, 1412.0, 1572]
[1412.0, 1395, 1522, 1572]
[1412, 1393, 1522.0, 1570]
[1522.0, 1393, 1632, 1570]
[1522, 1391, 1632.0, 1567]
[1632.0, 1391, 1742, 1567]
[1632, 1390, 1742.0, 1565]
[1742.0, 1390, 1852, 1565]
[1742, 1388, 1852.0, 1563]
[1852.0, 1388, 1962, 1563]
[1852, 1386, 1962.0, 1561]
[1962.0, 1386, 2072, 1561]
[1962, 1386, 2072.0, 1559]
[2072.0, 1386, 2182, 1559]
[2072, 1384, 2182.0, 1558]
[2182.0, 1384, 2292, 1558]
[2182, 1382, 2292.0, 1556]
[2292.0, 1382, 2402, 1556]
[2292, 1381, 2402.0, 1552]
[2402.0, 1381, 2512, 1552]
[2402, 1379, 2512.0, 1552]
[2512.0, 1379, 2622, 1552]
[2512, 1377, 2622.0, 1551]
[2622.0, 1377, 2732, 1551]
[2622, 1374, 2732.0, 1547]
[2732.0, 1374, 2842, 1547]
[2732, 1372, 2842.0, 1545]
[2842.0, 1372, 2952, 1545]
[2842, 1370, 2952.0, 1544]
[2952.0, 1370, 3062, 1544]
[2952, 1367, 3062.0, 1540]
[3062.0, 1367, 3172, 1540]
[3062, 1365, 3172.0, 1537]
[3172.0, 1365, 3282, 1537]
[3172, 1363, 3282.0, 1535]
[3282.0, 1363, 3392, 1535]
[3282, 1363, 3392.0, 1533]
[3392.0, 1363, 3502, 1533]