['x1', 'y2', 'w', 'h']
[446, 217, 227, 192]
[559, 217, 227, 184]
[672, 217, 227, 187]
[785, 217, 227, 189]
[898, 220, 227, 189]
[1011, 225, 227, 188]
[1124, 230, 227, 186]
[1237, 234, 227, 182]
[1350, 237, 227, 181]
[1463, 237, 227, 181]
[1576, 237, 227, 181]
[1689, 237, 227, 181]
[1802, 237, 227, 186]
[1915, 242, 227, 186]
[2028, 247, 227, 186]
[2141, 254, 227, 184]
[2254, 259, 227, 183]
[2367, 264, 227, 181]
[2480, 266, 227, 181]
[2593, 266, 227, 181]
[2706, 266, 227, 181]
[2819, 266, 227, 181]
[2932, 266, 227, 181]
[3045, 271, 227, 184]
[3158, 276, 227, 181]
[3271, 283, 227, 176]
[446, 458, 227, 191]
[559, 458, 227, 184]
[672, 460, 227, 182]
[785, 463, 227, 181]
[898, 465, 227, 181]
[1011, 467, 227, 179]
[1124, 470, 227, 179]
[1237, 470, 227, 181]
[1350, 472, 227, 179]
[1463, 475, 227, 181]
[1576, 475, 227, 181]
[1689, 477, 227, 179]
[1802, 477, 227, 181]
[1915, 477, 227, 186]
[2028, 482, 227, 184]
[2141, 484, 227, 184]
[2254, 487, 227, 184]
[2367, 492, 227, 183]
[2480, 494, 227, 184]
[2593, 501, 227, 179]
[2706, 504, 227, 179]
[2819, 504, 227, 179]
[2932, 504, 227, 179]
[3045, 504, 227, 179]
[3158, 504, 227, 181]
[3271, 506, 227, 182]
[446, 700, 227, 189]
[559, 700, 227, 184]
[672, 700, 227, 187]
[785, 700, 227, 189]
[898, 703, 227, 186]
[1011, 703, 227, 188]
[1124, 705, 227, 189]
[1237, 708, 227, 186]
[1350, 710, 227, 186]
[1463, 710, 227, 186]
[1576, 713, 227, 186]
[1689, 715, 227, 184]
[1802, 715, 227, 186]
[1915, 717, 227, 187]
[2028, 720, 227, 184]
[2141, 722, 227, 184]
[2254, 725, 227, 186]
[2367, 727, 227, 184]
[2480, 730, 227, 181]
[2593, 732, 227, 179]
[2706, 734, 227, 177]
[2819, 737, 227, 176]
[2932, 737, 227, 176]
[3045, 737, 227, 179]
[3158, 739, 227, 177]
[3271, 739, 227, 177]
[446, 943, 227, 184]
[559, 943, 227, 184]
[672, 946, 227, 181]
[785, 948, 227, 181]
[898, 948, 227, 181]
[1011, 950, 227, 182]
[1124, 950, 227, 182]
[1237, 953, 227, 179]
[1350, 953, 227, 179]
[1463, 955, 227, 177]
[1576, 955, 227, 179]
[1689, 955, 227, 179]
[1802, 958, 227, 176]
[1915, 958, 227, 176]
[2028, 960, 227, 177]
[2141, 960, 227, 177]
[2254, 963, 227, 176]
[2367, 963, 227, 176]
[2480, 965, 227, 174]
[2593, 965, 227, 176]
[2706, 965, 227, 176]
[2819, 965, 227, 176]
[2932, 967, 227, 174]
[3045, 967, 227, 177]
[3158, 967, 227, 177]
[3271, 970, 227, 174]
[446, 1186, 227, 181]
[559, 1186, 227, 181]
[672, 1186, 227, 181]
[785, 1186, 227, 181]
[898, 1186, 227, 181]
[1011, 1186, 227, 181]
[1124, 1188, 227, 179]
[1237, 1188, 227, 182]
[1350, 1188, 227, 182]
[1463, 1188, 227, 182]
[1576, 1191, 227, 179]
[1689, 1191, 227, 179]
[1802, 1191, 227, 179]
[1915, 1191, 227, 179]
[2028, 1191, 227, 179]
[2141, 1193, 227, 177]
[2254, 1193, 227, 177]
[2367, 1193, 227, 177]
[2480, 1193, 227, 177]
[2593, 1193, 227, 177]
[2706, 1196, 227, 176]
[2819, 1196, 227, 176]
[2932, 1196, 227, 176]
[3045, 1196, 227, 176]
[3158, 1198, 227, 174]
[3271, 1198, 227, 176]
[446, 1424, 227, 186]
[559, 1426, 227, 184]
[672, 1429, 227, 183]
[785, 1429, 227, 183]
[898, 1429, 227, 183]
[1011, 1429, 227, 183]
[1124, 1429, 227, 183]
[1237, 1426, 227, 184]
[1350, 1426, 227, 184]
[1463, 1426, 227, 184]
[1576, 1426, 227, 184]
[1689, 1426, 227, 184]
[1802, 1426, 227, 184]
[1915, 1426, 227, 184]
[2028, 1426, 227, 181]
[2141, 1426, 227, 181]
[2254, 1426, 227, 181]
[2367, 1426, 227, 181]
[2480, 1426, 227, 181]
[2593, 1429, 227, 178]
[2706, 1429, 227, 178]
[2819, 1429, 227, 176]
[2932, 1426, 227, 179]
[3045, 1426, 227, 177]
[3158, 1426, 227, 177]
[3271, 1426, 227, 177]
[446, 1662, 227, 188]
[559, 1669, 227, 181]
[672, 1671, 227, 179]
[785, 1671, 227, 179]
[898, 1669, 227, 179]
[1011, 1669, 227, 179]
[1124, 1669, 227, 179]
[1237, 1666, 227, 179]
[1350, 1666, 227, 179]
[1463, 1666, 227, 179]
[1576, 1666, 227, 177]
[1689, 1664, 227, 179]
[1802, 1664, 227, 179]
[1915, 1664, 227, 176]
[2028, 1662, 227, 178]
[2141, 1662, 227, 178]
[2254, 1662, 227, 176]
[2367, 1662, 227, 176]
[2480, 1662, 227, 176]
[2593, 1662, 227, 176]
[2706, 1659, 227, 177]
[2819, 1659, 227, 177]
[2932, 1659, 227, 177]
[3045, 1657, 227, 176]
[3158, 1657, 227, 174]
[3271, 1657, 227, 174]
[446, 1933, 227, 160]
[559, 1936, 227, 186]
[672, 1936, 227, 186]
[785, 1933, 227, 187]
[898, 1933, 227, 184]
[1011, 1931, 227, 184]
[1124, 1928, 227, 184]
[1237, 1926, 227, 184]
[1350, 1926, 227, 181]
[1463, 1924, 227, 181]
[1576, 1924, 227, 181]
[1689, 1924, 227, 179]
[1802, 1921, 227, 182]
[1915, 1921, 227, 179]
[2028, 1919, 227, 181]
[2141, 1919, 227, 179]
[2254, 1919, 227, 179]
[2367, 1916, 227, 179]
[2480, 1916, 227, 179]
[2593, 1916, 227, 179]
[2706, 1914, 227, 179]
[2819, 1914, 227, 179]
[2932, 1914, 227, 179]
[3045, 1916, 227, 177]
[3158, 1914, 227, 179]
[3271, 1914, 227, 179]
[446, 2140, 227, 198]
[559, 2152, 227, 186]
[672, 2152, 227, 186]
[785, 2147, 227, 186]
[898, 2144, 227, 187]
[1011, 2142, 227, 184]
[1124, 2140, 227, 183]
[1237, 2137, 227, 184]
[1350, 2137, 227, 184]
[1463, 2137, 227, 184]
[1576, 2137, 227, 184]
[1689, 2137, 227, 184]
[1802, 2135, 227, 186]
[1915, 2135, 227, 186]
[2028, 2132, 227, 187]
[2141, 2130, 227, 189]
[2254, 2130, 227, 186]
[2367, 2130, 227, 184]
[2480, 2128, 227, 186]
[2593, 2128, 227, 183]
[2706, 2125, 227, 186]
[2819, 2125, 227, 184]
[2932, 2123, 227, 186]
[3045, 2123, 227, 183]
[3158, 2118, 227, 184]
[3271, 2115, 227, 182]